#Ross et al. 2016, covariance matrix post-reconstruction correlation function monopole/quadrupole 
#redshift bin 2 bin center shifted by 1
#row/column numbers are index numbers, quadrupole comes after monopole
0.000247859 3.04358e-05 6.24977e-06 -1.54684e-07 -1.62251e-06 -3.19399e-06 -3.31777e-06 -3.3573e-06 -3.18133e-06 -3.18824e-06 -2.91207e-06 -2.82443e-06 -2.58651e-06 -2.23124e-06 -1.85257e-06 -2.06519e-06 -2.13386e-06 -1.90457e-06 -1.64053e-06 -1.28232e-06 -8.97618e-07 -6.90598e-07 -4.30105e-07 -4.72305e-07 -3.88747e-07 -2.83966e-07 -5.91197e-08 -8.10628e-08 -8.88241e-08 -2.00312e-07 -2.61782e-07 -1.45688e-07 -1.97348e-07 -1.77248e-07 -9.08875e-08 8.95088e-05 -8.34584e-06 -9.427e-07 4.34402e-06 5.59386e-06 5.2823e-06 4.35035e-06 3.67646e-06 3.50541e-06 2.41699e-06 2.17597e-06 1.65114e-06 1.98285e-06 1.55849e-06 1.51345e-06 9.23347e-07 5.48737e-07 1.75909e-06 1.92496e-06 2.38952e-06 2.0571e-06 2.73488e-06 2.56234e-06 1.91184e-06 1.46032e-06 1.85492e-06 1.94176e-06 1.86675e-06 1.76087e-06 1.56254e-06 1.46081e-06 1.1511e-06 9.19078e-07 9.16187e-07 9.09673e-07 
3.04358e-05 2.82234e-05 1.37701e-05 9.13111e-06 6.5044e-06 4.89977e-06 3.49193e-06 2.58448e-06 1.96618e-06 1.33839e-06 9.55248e-07 6.52215e-07 4.7915e-07 4.77464e-07 2.54151e-07 1.69681e-07 1.33393e-07 1.38249e-07 1.60347e-07 1.86245e-07 1.59643e-07 1.12335e-07 7.38922e-08 1.64668e-09 -4.01588e-08 -4.73025e-08 5.53989e-09 -2.53493e-08 9.0055e-09 5.06971e-08 2.00558e-08 -3.30866e-08 -2.99844e-08 -1.31113e-08 -5.66747e-08 3.88024e-06 2.37182e-06 1.37769e-06 -1.21021e-06 -1.20991e-06 -1.81954e-06 -1.36915e-06 -1.38866e-06 -7.76332e-07 -7.69096e-07 -4.61963e-07 -1.72064e-07 -1.19831e-07 4.26041e-07 3.47401e-07 6.56783e-08 3.20465e-08 1.47281e-07 7.68844e-08 4.00566e-07 2.97015e-07 2.93147e-07 -5.74711e-08 4.67285e-08 -1.30822e-07 -4.42901e-08 -6.35515e-08 -1.18212e-07 -7.84777e-08 3.65172e-08 8.78534e-08 1.30056e-07 2.99765e-08 1.10569e-07 -2.18262e-08 
6.24977e-06 1.37701e-05 1.31343e-05 8.48666e-06 6.27036e-06 4.91321e-06 3.72454e-06 2.79424e-06 2.15834e-06 1.65551e-06 1.28295e-06 9.76905e-07 6.59306e-07 6.24565e-07 4.11355e-07 3.46759e-07 2.86845e-07 2.81282e-07 2.41392e-07 2.43249e-07 1.58157e-07 1.49171e-07 7.39065e-08 -2.27913e-08 -5.4433e-08 -4.60314e-08 -4.01988e-08 -7.59363e-08 -2.06687e-08 -3.51502e-09 2.57653e-10 -3.2803e-08 -1.06074e-08 8.75255e-09 -5.3436e-08 -6.59935e-07 3.23116e-06 6.28675e-07 -8.82896e-07 -1.23235e-06 -1.78517e-06 -1.65565e-06 -1.41098e-06 -9.88854e-07 -7.82075e-07 -6.91659e-07 -4.93343e-07 -3.88332e-07 -1.1811e-07 -1.99168e-07 -1.69162e-07 -4.91547e-08 1.31099e-07 1.26796e-07 2.40388e-07 9.14365e-08 2.44058e-07 5.92836e-08 1.10161e-07 9.50208e-08 8.65023e-08 1.56558e-08 -3.75539e-08 -1.27773e-07 -1.78769e-08 7.32786e-08 6.74374e-08 4.20465e-08 8.12232e-08 -1.91326e-08 
-1.54684e-07 9.13111e-06 8.48666e-06 8.00835e-06 5.83931e-06 4.62596e-06 3.51018e-06 2.69621e-06 2.12159e-06 1.63123e-06 1.28716e-06 1.00732e-06 7.56612e-07 6.41485e-07 4.43366e-07 4.04365e-07 3.08013e-07 3.0611e-07 2.6981e-07 2.31246e-07 1.51174e-07 1.40027e-07 7.1353e-08 5.66593e-09 -5.72918e-10 -1.57579e-08 -3.26462e-08 -3.46553e-08 6.02553e-09 2.34255e-08 1.73043e-09 -2.33308e-08 1.69355e-09 1.45951e-08 -3.44902e-08 1.12974e-06 3.47418e-06 1.16328e-06 -7.02437e-07 -6.5866e-07 -9.3434e-07 -9.24652e-07 -8.03261e-07 -6.20065e-07 -5.26835e-07 -3.13617e-07 -1.86608e-07 -2.07413e-07 -3.82017e-08 -1.05439e-07 -1.42399e-07 -6.98086e-08 -7.48234e-09 2.32294e-08 8.76144e-08 3.20252e-08 9.2187e-08 -2.97295e-08 -1.94336e-09 7.28001e-09 4.91984e-08 7.99349e-08 6.41041e-08 -5.63117e-09 3.11184e-08 1.15006e-07 9.86394e-08 9.75474e-08 8.0734e-08 -2.56057e-09 
-1.62251e-06 6.5044e-06 6.27036e-06 5.83931e-06 5.62489e-06 4.39761e-06 3.38623e-06 2.62264e-06 2.06407e-06 1.63183e-06 1.31047e-06 1.01922e-06 8.17181e-07 7.21515e-07 5.25988e-07 4.56976e-07 3.6415e-07 3.33164e-07 2.81041e-07 2.29699e-07 1.61979e-07 1.5318e-07 1.10852e-07 5.52758e-08 5.18559e-08 3.14894e-08 5.62281e-09 2.84519e-09 2.99085e-08 3.44728e-08 3.15956e-08 1.34981e-09 1.33736e-08 2.27309e-08 -2.27256e-08 1.717e-06 2.94961e-06 1.41164e-06 -2.61791e-07 -4.6009e-07 -4.66457e-07 -5.88369e-07 -4.69519e-07 -3.37322e-07 -3.2926e-07 -8.29179e-08 -1.92621e-08 1.49337e-08 8.76657e-08 -1.90874e-08 -3.4281e-09 2.38157e-08 -9.3321e-09 -2.25703e-08 2.75548e-08 -1.10119e-08 4.49066e-08 -5.38596e-08 -3.29787e-08 -1.76821e-08 3.34633e-08 8.05871e-08 9.47662e-08 4.3115e-08 8.5643e-08 1.56939e-07 1.35421e-07 9.80355e-08 7.43299e-08 2.57866e-08 
-3.19399e-06 4.89977e-06 4.91321e-06 4.62596e-06 4.39761e-06 4.43955e-06 3.43055e-06 2.64593e-06 2.099e-06 1.66097e-06 1.33833e-06 1.08771e-06 8.86806e-07 7.91098e-07 6.17175e-07 5.28498e-07 4.25172e-07 3.50475e-07 2.91251e-07 2.42316e-07 1.72775e-07 1.55602e-07 1.09591e-07 6.70191e-08 4.81744e-08 3.50055e-08 5.76249e-09 -7.36799e-09 1.70173e-08 2.11043e-08 2.75116e-08 6.24393e-09 2.02335e-08 3.06438e-08 -1.43358e-08 2.86302e-07 2.64659e-06 1.43592e-06 9.72156e-08 -7.1474e-08 -3.2401e-07 -2.38459e-07 -2.11925e-07 -1.54479e-07 -1.70242e-07 1.58318e-08 7.87088e-08 1.10507e-07 1.59763e-07 9.73607e-08 1.07126e-07 7.17245e-08 5.71527e-08 -6.32338e-09 3.48479e-08 -6.68528e-10 6.30145e-08 -1.34251e-08 -9.79449e-09 -1.6736e-09 4.53383e-08 7.48009e-08 8.13527e-08 3.49151e-08 1.05482e-07 1.98643e-07 1.8553e-07 1.79198e-07 1.58804e-07 9.02354e-08 
-3.31777e-06 3.49193e-06 3.72454e-06 3.51018e-06 3.38623e-06 3.43055e-06 3.41274e-06 2.66147e-06 2.14168e-06 1.70591e-06 1.3604e-06 1.09774e-06 8.97833e-07 8.01182e-07 6.28904e-07 5.48497e-07 4.44716e-07 3.80253e-07 3.10752e-07 2.46153e-07 1.8554e-07 1.67902e-07 1.28649e-07 9.05299e-08 7.11076e-08 5.42511e-08 3.45639e-08 2.7701e-08 2.13574e-08 2.06211e-08 2.53227e-08 3.8151e-09 1.1496e-08 1.91045e-08 -6.47261e-09 1.48085e-06 2.6694e-06 1.34397e-06 2.60103e-07 9.29708e-08 -2.65706e-08 -5.64583e-08 -3.14864e-08 4.66588e-08 -3.02469e-10 8.71198e-08 9.10204e-08 1.50846e-07 9.51185e-08 6.28234e-08 1.22599e-07 8.54732e-08 1.03198e-07 2.766e-08 6.17019e-08 1.70011e-08 7.88215e-08 2.56154e-08 6.43573e-08 8.97815e-08 1.24724e-07 1.5742e-07 1.39448e-07 1.08204e-07 1.76754e-07 2.54632e-07 2.40893e-07 1.97738e-07 1.63728e-07 9.05013e-08 
-3.3573e-06 2.58448e-06 2.79424e-06 2.69621e-06 2.62264e-06 2.64593e-06 2.66147e-06 2.63484e-06 2.16836e-06 1.76387e-06 1.42911e-06 1.16026e-06 9.47653e-07 8.45012e-07 6.69159e-07 5.90742e-07 4.79747e-07 4.13018e-07 3.47068e-07 2.77732e-07 2.16499e-07 1.99553e-07 1.5947e-07 1.25192e-07 1.03765e-07 8.27565e-08 6.52011e-08 5.39687e-08 4.67204e-08 4.22283e-08 3.35965e-08 2.44243e-08 2.22237e-08 2.32816e-08 6.12014e-09 1.38799e-06 2.26004e-06 1.27997e-06 2.5307e-07 3.51934e-08 4.26171e-08 5.92512e-08 1.43601e-08 1.21817e-07 6.95031e-08 1.15607e-07 4.85039e-08 8.27032e-08 4.75161e-08 5.49829e-08 6.36893e-08 4.31689e-08 6.87662e-08 3.72471e-09 5.67973e-08 1.68913e-08 7.14363e-08 7.51507e-09 9.06494e-09 3.52178e-08 6.2052e-08 8.84487e-08 8.62002e-08 8.41495e-08 1.50718e-07 2.18974e-07 2.09587e-07 1.74269e-07 1.28925e-07 7.63454e-08 
-3.18133e-06 1.96618e-06 2.15834e-06 2.12159e-06 2.06407e-06 2.099e-06 2.14168e-06 2.16836e-06 2.3026e-06 1.90483e-06 1.56572e-06 1.27856e-06 1.03917e-06 8.89686e-07 7.18052e-07 6.2151e-07 4.94169e-07 4.00693e-07 3.43904e-07 2.77739e-07 2.10633e-07 1.91211e-07 1.6204e-07 1.23902e-07 1.04076e-07 8.88815e-08 7.0855e-08 6.25872e-08 4.49664e-08 2.85486e-08 1.71054e-08 9.41558e-09 6.73357e-10 6.68521e-09 -1.49212e-08 1.82944e-06 2.28059e-06 1.26136e-06 2.45337e-07 2.25904e-08 8.91387e-08 1.28856e-07 1.85088e-07 1.98198e-07 1.54117e-07 1.441e-07 1.15497e-07 1.19513e-07 3.27486e-08 3.09616e-08 3.57798e-08 3.34631e-08 5.8149e-08 -1.07859e-08 1.44104e-08 -3.88471e-08 7.95454e-09 -4.10968e-08 -1.5887e-08 1.87518e-08 6.10038e-08 9.80388e-08 9.38332e-08 7.65501e-08 1.36344e-07 2.01104e-07 1.87363e-07 1.70209e-07 1.19105e-07 7.67552e-08 
-3.18824e-06 1.33839e-06 1.65551e-06 1.63123e-06 1.63183e-06 1.66097e-06 1.70591e-06 1.76387e-06 1.90483e-06 1.97945e-06 1.63646e-06 1.36297e-06 1.13234e-06 9.71122e-07 7.93689e-07 6.75718e-07 5.35265e-07 4.40576e-07 3.74773e-07 2.91687e-07 2.26377e-07 2.00658e-07 1.68609e-07 1.28581e-07 1.09122e-07 8.89549e-08 6.57932e-08 6.11907e-08 4.83723e-08 3.21255e-08 1.56441e-08 4.1416e-10 -1.52257e-08 -1.11998e-08 -2.65875e-08 1.71787e-06 2.10896e-06 1.18991e-06 2.39332e-07 2.01992e-08 6.92061e-08 8.20179e-08 1.47167e-07 1.75931e-07 1.47124e-07 1.70843e-07 1.26354e-07 8.41135e-08 1.93199e-08 1.31797e-08 2.53044e-08 8.82881e-09 2.20878e-08 -2.42834e-08 -1.71427e-08 -6.08968e-08 -9.24461e-09 -5.04463e-08 -1.95281e-08 9.63564e-09 5.65947e-08 8.69873e-08 9.08216e-08 7.32522e-08 1.00415e-07 1.50759e-07 1.3738e-07 1.17626e-07 6.37241e-08 2.50197e-08 
-2.91207e-06 9.55248e-07 1.28295e-06 1.28716e-06 1.31047e-06 1.33833e-06 1.3604e-06 1.42911e-06 1.56572e-06 1.63646e-06 1.70163e-06 1.43618e-06 1.20529e-06 1.04917e-06 8.6796e-07 7.20877e-07 5.61019e-07 4.67669e-07 3.93294e-07 3.12985e-07 2.46228e-07 2.19525e-07 1.75704e-07 1.31624e-07 1.04295e-07 9.08358e-08 6.40792e-08 5.88633e-08 5.07358e-08 3.92639e-08 3.10712e-08 1.5175e-08 -6.99594e-10 3.0068e-10 -8.42774e-09 1.08677e-06 1.61903e-06 1.03905e-06 3.35693e-07 1.20669e-07 1.28674e-07 1.56783e-07 1.46866e-07 2.06911e-07 2.29173e-07 2.69217e-07 2.38729e-07 1.73641e-07 1.10538e-07 6.55087e-08 4.60734e-08 3.38735e-08 3.68964e-08 -2.92951e-09 3.4113e-09 -3.9027e-08 -1.78346e-08 -2.50699e-08 -1.10725e-08 -2.51361e-09 2.69007e-08 5.57034e-08 6.38501e-08 4.65914e-08 7.88227e-08 1.18786e-07 1.1189e-07 1.01653e-07 5.66721e-08 9.46975e-09 
-2.82443e-06 6.52215e-07 9.76905e-07 1.00732e-06 1.01922e-06 1.08771e-06 1.09774e-06 1.16026e-06 1.27856e-06 1.36297e-06 1.43618e-06 1.53298e-06 1.31265e-06 1.14172e-06 9.51272e-07 7.95288e-07 6.30299e-07 5.19714e-07 4.23943e-07 3.43134e-07 2.76812e-07 2.51183e-07 2.02685e-07 1.58483e-07 1.31115e-07 1.09933e-07 8.3894e-08 7.00526e-08 5.79289e-08 4.67549e-08 3.28527e-08 1.37895e-08 -6.69611e-11 2.12649e-09 -8.84746e-09 4.64837e-07 1.51279e-06 9.0454e-07 2.85685e-07 6.93124e-08 1.20507e-08 6.62011e-08 6.92288e-08 8.87759e-08 1.07411e-07 2.09955e-07 1.63287e-07 1.32268e-07 7.38672e-08 5.19803e-09 -1.40792e-09 -2.02443e-08 -2.37454e-08 -6.4232e-08 -4.93793e-08 -6.49901e-08 -5.28926e-08 -4.97325e-08 -3.8927e-08 -1.56934e-08 3.96255e-09 1.5018e-08 2.26499e-08 -3.02473e-09 2.36683e-08 7.96459e-08 7.87343e-08 6.93136e-08 2.46434e-08 -8.89148e-09 
-2.58651e-06 4.7915e-07 6.59306e-07 7.56612e-07 8.17181e-07 8.86806e-07 8.97833e-07 9.47653e-07 1.03917e-06 1.13234e-06 1.20529e-06 1.31265e-06 1.35735e-06 1.18656e-06 1.00085e-06 8.31917e-07 6.64982e-07 5.45107e-07 4.4531e-07 3.66695e-07 3.174e-07 2.83629e-07 2.35894e-07 1.8309e-07 1.54397e-07 1.29461e-07 1.02129e-07 8.56542e-08 7.42917e-08 6.56897e-08 4.45261e-08 2.97952e-08 1.65394e-08 1.3687e-08 9.593e-09 2.69202e-07 1.30445e-06 7.51506e-07 2.73194e-07 1.52183e-07 8.73889e-08 9.30232e-08 2.1436e-08 1.37423e-08 3.13633e-08 1.6738e-07 1.77073e-07 1.65194e-07 1.45859e-07 8.58602e-08 5.55181e-08 3.37469e-08 -1.72434e-09 -2.82665e-08 -6.90292e-09 -7.31082e-09 -1.57209e-08 -1.52685e-08 -2.16554e-08 -1.67618e-08 -4.73786e-09 9.50602e-09 1.93639e-08 -2.88956e-09 3.98533e-09 5.2247e-08 6.48981e-08 5.7336e-08 3.37989e-08 3.04185e-09 
-2.23124e-06 4.77464e-07 6.24565e-07 6.41485e-07 7.21515e-07 7.91098e-07 8.01182e-07 8.45012e-07 8.89686e-07 9.71122e-07 1.04917e-06 1.14172e-06 1.18656e-06 1.26125e-06 1.07738e-06 9.11378e-07 7.30273e-07 6.10988e-07 5.08018e-07 4.16163e-07 3.62228e-07 3.17155e-07 2.56744e-07 2.01615e-07 1.64047e-07 1.34648e-07 1.05412e-07 9.07628e-08 7.52874e-08 6.38016e-08 4.45426e-08 2.93984e-08 1.54778e-08 1.16166e-08 2.50866e-09 6.82638e-07 1.28709e-06 5.90143e-07 2.24014e-07 8.9485e-08 7.74194e-08 7.28337e-08 1.3166e-08 2.83017e-08 3.65565e-08 1.46111e-07 1.55323e-07 1.75855e-07 1.65135e-07 1.19643e-07 9.15978e-08 5.77296e-08 3.28066e-08 -1.07849e-08 2.61241e-08 1.37389e-08 3.57691e-09 1.54661e-08 5.36401e-09 9.18931e-09 1.22801e-08 1.62197e-08 2.22093e-08 6.80571e-09 6.236e-09 4.76389e-08 4.94672e-08 4.77809e-08 3.10849e-08 5.46233e-09 
-1.85257e-06 2.54151e-07 4.11355e-07 4.43366e-07 5.25988e-07 6.17175e-07 6.28904e-07 6.69159e-07 7.18052e-07 7.93689e-07 8.6796e-07 9.51272e-07 1.00085e-06 1.07738e-06 1.10334e-06 9.40085e-07 7.61243e-07 6.4245e-07 5.39083e-07 4.4139e-07 3.84834e-07 3.31821e-07 2.72587e-07 2.13296e-07 1.71615e-07 1.39075e-07 1.11014e-07 1.01594e-07 8.95962e-08 7.29915e-08 5.6748e-08 4.56373e-08 3.11336e-08 2.56645e-08 1.85006e-08 5.29521e-07 1.18099e-06 3.80046e-07 1.57918e-07 6.94421e-08 9.09529e-08 6.49609e-08 3.89553e-08 3.55432e-08 3.35017e-08 1.03222e-07 1.14791e-07 1.43716e-07 1.63827e-07 1.35545e-07 1.28677e-07 1.03164e-07 5.49485e-08 1.21646e-08 4.38252e-08 3.54655e-08 7.81351e-09 3.32467e-08 1.94321e-08 1.04479e-08 1.08632e-09 1.74539e-08 2.63088e-08 1.88664e-08 1.32714e-08 6.2978e-08 6.57376e-08 7.24681e-08 5.31583e-08 1.51168e-08 
-2.06519e-06 1.69681e-07 3.46759e-07 4.04365e-07 4.56976e-07 5.28498e-07 5.48497e-07 5.90742e-07 6.2151e-07 6.75718e-07 7.20877e-07 7.95288e-07 8.31917e-07 9.11378e-07 9.40085e-07 9.73836e-07 8.06058e-07 6.91219e-07 5.76941e-07 4.74042e-07 4.12094e-07 3.44693e-07 2.90824e-07 2.26632e-07 1.85735e-07 1.49978e-07 1.20537e-07 1.09719e-07 9.24371e-08 7.52816e-08 6.38941e-08 5.24068e-08 3.87229e-08 3.21625e-08 1.96516e-08 6.95931e-07 1.11797e-06 2.97647e-07 9.03677e-08 4.06765e-08 1.56046e-08 2.48423e-08 7.37738e-09 7.87148e-09 -9.23886e-09 7.93947e-08 9.19976e-08 1.1336e-07 1.44976e-07 1.4042e-07 1.37949e-07 1.3386e-07 8.09573e-08 4.30888e-08 7.11119e-08 4.67407e-08 -2.45215e-09 2.91269e-08 8.59449e-09 1.45443e-09 -1.71993e-08 1.61108e-09 1.37209e-08 -5.34043e-09 -6.70982e-09 4.69948e-08 6.01288e-08 6.79188e-08 4.33405e-08 1.14282e-08 
-2.13386e-06 1.33393e-07 2.86845e-07 3.08013e-07 3.6415e-07 4.25172e-07 4.44716e-07 4.79747e-07 4.94169e-07 5.35265e-07 5.61019e-07 6.30299e-07 6.64982e-07 7.30273e-07 7.61243e-07 8.06058e-07 8.25248e-07 7.10914e-07 6.00625e-07 5.00334e-07 4.28973e-07 3.56628e-07 3.05237e-07 2.4579e-07 2.02944e-07 1.65025e-07 1.32478e-07 1.17432e-07 9.89485e-08 8.59514e-08 7.04116e-08 6.19079e-08 4.58127e-08 3.90036e-08 2.41481e-08 4.53668e-08 1.15922e-06 2.84333e-07 1.19021e-07 3.91521e-08 -1.3553e-08 -3.70872e-08 -3.55124e-08 -1.25026e-08 -5.42968e-08 1.78208e-08 1.01919e-08 3.82187e-08 6.21543e-08 6.78889e-08 1.12331e-07 1.15757e-07 9.42011e-08 7.03747e-08 8.71518e-08 6.53414e-08 4.18796e-09 1.76926e-08 1.03708e-09 -9.02607e-09 -2.64256e-08 -1.61707e-08 -1.38642e-08 -2.73689e-08 -1.61829e-08 2.8674e-08 4.18677e-08 4.05719e-08 1.82093e-08 -2.9563e-09 
-1.90457e-06 1.38249e-07 2.81282e-07 3.0611e-07 3.33164e-07 3.50475e-07 3.80253e-07 4.13018e-07 4.00693e-07 4.40576e-07 4.67669e-07 5.19714e-07 5.45107e-07 6.10988e-07 6.4245e-07 6.91219e-07 7.10914e-07 7.4888e-07 6.44834e-07 5.42407e-07 4.66274e-07 3.89987e-07 3.34472e-07 2.71264e-07 2.30463e-07 1.86333e-07 1.48613e-07 1.27963e-07 1.05367e-07 9.16453e-08 7.50165e-08 5.9126e-08 4.39224e-08 3.83479e-08 2.25857e-08 -1.46173e-07 1.06843e-06 1.64669e-07 1.33062e-07 6.10941e-08 2.33691e-08 -3.72545e-09 -8.28786e-10 -4.7283e-09 -3.50848e-08 1.5472e-08 4.05077e-09 2.32554e-08 1.60988e-08 1.54729e-08 7.63001e-08 1.08973e-07 1.02794e-07 8.92766e-08 9.75209e-08 7.61504e-08 2.01167e-08 2.75566e-08 8.02468e-09 -2.07647e-09 -2.32426e-08 -9.01738e-09 -1.16114e-08 -2.06809e-08 -3.31856e-09 3.40615e-08 4.97644e-08 5.47159e-08 3.70524e-08 2.29892e-08 
-1.64053e-06 1.60347e-07 2.41392e-07 2.6981e-07 2.81041e-07 2.91251e-07 3.10752e-07 3.47068e-07 3.43904e-07 3.74773e-07 3.93294e-07 4.23943e-07 4.4531e-07 5.08018e-07 5.39083e-07 5.76941e-07 6.00625e-07 6.44834e-07 6.81217e-07 5.87322e-07 5.07478e-07 4.30705e-07 3.68744e-07 3.01831e-07 2.55311e-07 2.11419e-07 1.69699e-07 1.45339e-07 1.21596e-07 1.06826e-07 8.78803e-08 6.80866e-08 5.48796e-08 4.55834e-08 2.5595e-08 -4.18739e-07 1.05223e-06 1.8887e-07 1.05016e-07 5.60493e-08 2.33664e-08 5.88406e-09 -9.32253e-09 -2.85109e-08 -5.51659e-08 -1.37879e-08 -1.0645e-08 -2.02551e-09 -7.66072e-09 3.33226e-09 5.86771e-08 1.05141e-07 1.04662e-07 1.1042e-07 1.25113e-07 9.48191e-08 4.56839e-08 4.30225e-08 1.72479e-08 9.71436e-09 -1.4118e-08 -7.64429e-09 -1.93727e-08 -3.31964e-08 -7.39902e-09 2.26882e-08 3.70455e-08 4.65439e-08 2.94297e-08 1.94963e-08 
-1.28232e-06 1.86245e-07 2.43249e-07 2.31246e-07 2.29699e-07 2.42316e-07 2.46153e-07 2.77732e-07 2.77739e-07 2.91687e-07 3.12985e-07 3.43134e-07 3.66695e-07 4.16163e-07 4.4139e-07 4.74042e-07 5.00334e-07 5.42407e-07 5.87322e-07 6.09592e-07 5.31192e-07 4.57694e-07 3.92519e-07 3.22382e-07 2.66645e-07 2.22256e-07 1.83566e-07 1.56265e-07 1.26461e-07 1.11164e-07 9.21298e-08 7.40128e-08 6.21055e-08 5.03846e-08 3.1561e-08 -4.74164e-07 9.62267e-07 1.2836e-07 8.05555e-08 7.54293e-09 6.75964e-09 -3.12067e-08 -4.46456e-08 -5.09861e-08 -6.94221e-08 -3.13985e-08 -1.04401e-08 -1.32775e-08 -2.19793e-08 -1.66756e-08 2.67096e-08 5.84693e-08 7.53774e-08 1.12476e-07 1.35107e-07 1.2332e-07 7.95571e-08 7.57878e-08 4.50815e-08 1.17726e-08 -1.88596e-08 -1.86358e-08 -3.44883e-08 -4.68083e-08 -1.36256e-08 1.9385e-08 3.3084e-08 3.43291e-08 1.18768e-08 8.49352e-09 
-8.97618e-07 1.59643e-07 1.58157e-07 1.51174e-07 1.61979e-07 1.72775e-07 1.8554e-07 2.16499e-07 2.10633e-07 2.26377e-07 2.46228e-07 2.76812e-07 3.174e-07 3.62228e-07 3.84834e-07 4.12094e-07 4.28973e-07 4.66274e-07 5.07478e-07 5.31192e-07 5.63402e-07 4.8812e-07 4.21466e-07 3.45439e-07 2.8603e-07 2.34492e-07 1.93592e-07 1.60195e-07 1.31702e-07 1.17089e-07 9.59692e-08 7.94752e-08 6.78347e-08 5.68858e-08 3.94368e-08 -1.61136e-07 7.99806e-07 1.11795e-07 8.57311e-08 1.64654e-08 2.12158e-08 -4.75897e-08 -5.71782e-08 -8.24609e-08 -7.75793e-08 -4.09532e-08 -1.76088e-09 6.36147e-09 1.03583e-08 2.23275e-08 4.87692e-08 7.65806e-08 8.06771e-08 1.24668e-07 1.60145e-07 1.53161e-07 1.14588e-07 1.03084e-07 5.70377e-08 1.60001e-08 -1.69215e-08 -3.21745e-08 -4.22271e-08 -4.84708e-08 -1.28056e-08 1.20447e-08 2.93943e-08 4.14041e-08 1.35272e-08 1.59154e-08 
-6.90598e-07 1.12335e-07 1.49171e-07 1.40027e-07 1.5318e-07 1.55602e-07 1.67902e-07 1.99553e-07 1.91211e-07 2.00658e-07 2.19525e-07 2.51183e-07 2.83629e-07 3.17155e-07 3.31821e-07 3.44693e-07 3.56628e-07 3.89987e-07 4.30705e-07 4.57694e-07 4.8812e-07 5.14644e-07 4.51072e-07 3.75543e-07 3.1064e-07 2.5663e-07 2.14593e-07 1.78359e-07 1.46417e-07 1.3033e-07 1.11454e-07 8.98342e-08 7.85518e-08 6.62974e-08 5.02082e-08 -2.19632e-07 8.44316e-07 1.77041e-07 1.05786e-07 1.02546e-09 3.47812e-08 -1.6317e-08 -1.23079e-08 -5.5186e-08 -4.88261e-08 -3.28353e-10 1.52782e-08 8.93728e-09 1.06963e-08 3.88325e-09 3.34035e-08 5.03466e-08 5.29809e-08 8.35946e-08 1.23499e-07 1.46173e-07 1.31956e-07 1.34691e-07 8.64774e-08 4.42286e-08 1.03162e-08 -9.7416e-09 -1.75233e-08 -2.99931e-08 2.31318e-10 1.3647e-08 2.62411e-08 4.06964e-08 8.53726e-09 1.39286e-08 
-4.30105e-07 7.38922e-08 7.39065e-08 7.1353e-08 1.10852e-07 1.09591e-07 1.28649e-07 1.5947e-07 1.6204e-07 1.68609e-07 1.75704e-07 2.02685e-07 2.35894e-07 2.56744e-07 2.72587e-07 2.90824e-07 3.05237e-07 3.34472e-07 3.68744e-07 3.92519e-07 4.21466e-07 4.51072e-07 4.7782e-07 4.04857e-07 3.41858e-07 2.86853e-07 2.36634e-07 1.96361e-07 1.57317e-07 1.36417e-07 1.15497e-07 9.21634e-08 8.19461e-08 6.82698e-08 5.23805e-08 -9.21635e-08 7.61289e-07 2.03519e-07 1.14432e-07 2.63207e-08 1.80639e-08 -1.02783e-08 1.16761e-09 -4.17251e-08 -4.29123e-08 3.39649e-09 1.20952e-08 -2.49754e-09 -1.82146e-11 -1.16379e-08 2.90189e-08 4.75483e-08 3.40378e-08 5.45057e-08 9.16723e-08 1.18531e-07 1.12642e-07 1.24732e-07 8.79537e-08 5.21412e-08 1.857e-08 -4.2069e-09 -1.65701e-08 -3.27591e-08 -1.17074e-08 4.41516e-09 2.36348e-08 3.62002e-08 1.8149e-08 1.75661e-08 
-4.72305e-07 1.64668e-09 -2.27913e-08 5.66593e-09 5.52758e-08 6.70191e-08 9.05299e-08 1.25192e-07 1.23902e-07 1.28581e-07 1.31624e-07 1.58483e-07 1.8309e-07 2.01615e-07 2.13296e-07 2.26632e-07 2.4579e-07 2.71264e-07 3.01831e-07 3.22382e-07 3.45439e-07 3.75543e-07 4.04857e-07 4.26873e-07 3.65999e-07 3.12987e-07 2.59538e-07 2.20049e-07 1.7799e-07 1.56121e-07 1.3229e-07 1.06814e-07 9.50671e-08 7.97536e-08 6.69293e-08 -1.33886e-07 6.39805e-07 2.06502e-07 1.13478e-07 6.39262e-08 5.52149e-08 2.82801e-08 4.52023e-08 -1.74208e-08 -3.67253e-08 -1.24333e-08 6.10249e-09 -1.78691e-09 1.83053e-09 -2.02657e-08 1.81973e-08 3.33394e-08 2.44428e-08 3.07489e-08 6.0895e-08 8.55891e-08 8.66353e-08 9.68499e-08 6.40524e-08 5.01108e-08 2.42395e-08 3.55808e-09 -9.82057e-09 -3.10559e-08 -1.04982e-08 -4.96908e-09 2.11659e-08 3.13451e-08 1.93648e-08 2.01187e-08 
-3.88747e-07 -4.01588e-08 -5.4433e-08 -5.72918e-10 5.18559e-08 4.81744e-08 7.11076e-08 1.03765e-07 1.04076e-07 1.09122e-07 1.04295e-07 1.31115e-07 1.54397e-07 1.64047e-07 1.71615e-07 1.85735e-07 2.02944e-07 2.30463e-07 2.55311e-07 2.66645e-07 2.8603e-07 3.1064e-07 3.41858e-07 3.65999e-07 3.89929e-07 3.35574e-07 2.80654e-07 2.38162e-07 1.91348e-07 1.68677e-07 1.42277e-07 1.16433e-07 1.02536e-07 8.81049e-08 7.45377e-08 -2.49703e-07 5.26847e-07 1.93938e-07 3.23369e-08 4.60119e-08 3.92338e-08 1.12731e-08 1.10646e-08 -3.89529e-08 -4.7669e-08 -2.93978e-08 -1.01659e-08 -1.77289e-08 -2.04946e-08 -4.4095e-08 2.31597e-09 1.58109e-08 2.4752e-08 3.12341e-08 4.33644e-08 5.12009e-08 4.87189e-08 6.26901e-08 4.69602e-08 4.93971e-08 4.94798e-08 3.73283e-08 2.1209e-08 -6.07638e-10 2.50492e-09 2.24753e-09 2.35284e-08 3.31845e-08 2.5096e-08 2.8062e-08 
-2.83966e-07 -4.73025e-08 -4.60314e-08 -1.57579e-08 3.14894e-08 3.50055e-08 5.42511e-08 8.27565e-08 8.88815e-08 8.89549e-08 9.08358e-08 1.09933e-07 1.29461e-07 1.34648e-07 1.39075e-07 1.49978e-07 1.65025e-07 1.86333e-07 2.11419e-07 2.22256e-07 2.34492e-07 2.5663e-07 2.86853e-07 3.12987e-07 3.35574e-07 3.55653e-07 3.0479e-07 2.60383e-07 2.09851e-07 1.82539e-07 1.53888e-07 1.22527e-07 1.0602e-07 9.14807e-08 7.80886e-08 -2.25485e-07 3.50363e-07 2.06459e-07 4.73655e-08 2.55896e-08 6.28855e-08 6.93243e-09 -2.62164e-08 -6.78783e-08 -8.49156e-08 -6.86755e-08 -4.3939e-08 -3.4256e-08 -3.03269e-08 -4.34474e-08 -9.64317e-09 -5.92518e-09 4.22984e-09 1.09604e-08 2.14012e-08 3.0211e-08 3.92218e-08 4.97993e-08 4.03839e-08 4.79397e-08 5.58914e-08 5.85184e-08 3.73146e-08 1.16002e-08 8.58572e-09 1.54765e-09 1.96017e-08 2.3605e-08 1.1341e-08 1.50667e-08 
-5.91197e-08 5.53989e-09 -4.01988e-08 -3.26462e-08 5.62281e-09 5.76249e-09 3.45639e-08 6.52011e-08 7.0855e-08 6.57932e-08 6.40792e-08 8.3894e-08 1.02129e-07 1.05412e-07 1.11014e-07 1.20537e-07 1.32478e-07 1.48613e-07 1.69699e-07 1.83566e-07 1.93592e-07 2.14593e-07 2.36634e-07 2.59538e-07 2.80654e-07 3.0479e-07 3.22348e-07 2.77694e-07 2.26036e-07 1.95036e-07 1.65536e-07 1.32892e-07 1.13162e-07 9.59222e-08 8.02121e-08 -1.10443e-07 2.93838e-07 1.16334e-07 -2.09996e-08 8.53469e-10 5.43431e-08 1.36578e-08 -1.6224e-08 -5.81828e-08 -5.72856e-08 -5.22539e-08 -3.25694e-08 -1.50043e-08 -2.8941e-09 -1.38336e-08 9.487e-09 1.15101e-08 2.40717e-08 2.92225e-08 4.51324e-08 4.09975e-08 4.88486e-08 5.00996e-08 3.40479e-08 3.74329e-08 5.28162e-08 6.58079e-08 5.09093e-08 2.36478e-08 2.11931e-08 9.66223e-09 1.57696e-08 1.19566e-08 1.40057e-09 3.77905e-09 
-8.10628e-08 -2.53493e-08 -7.59363e-08 -3.46553e-08 2.84519e-09 -7.36799e-09 2.7701e-08 5.39687e-08 6.25872e-08 6.11907e-08 5.88633e-08 7.00526e-08 8.56542e-08 9.07628e-08 1.01594e-07 1.09719e-07 1.17432e-07 1.27963e-07 1.45339e-07 1.56265e-07 1.60195e-07 1.78359e-07 1.96361e-07 2.20049e-07 2.38162e-07 2.60383e-07 2.77694e-07 3.02676e-07 2.48191e-07 2.16449e-07 1.86626e-07 1.5205e-07 1.27723e-07 1.06528e-07 9.12318e-08 9.47414e-08 3.81195e-07 1.28559e-07 -1.33863e-08 1.93028e-08 5.22785e-08 8.54984e-09 -1.39674e-08 -4.30136e-08 -4.05669e-08 -2.72721e-08 -1.96639e-08 -2.52619e-09 -6.10882e-09 -1.92098e-08 1.29294e-08 2.36478e-08 3.24581e-08 4.42223e-08 4.74898e-08 4.88112e-08 5.11062e-08 4.80914e-08 2.08228e-08 2.06318e-08 4.00744e-08 5.77011e-08 5.64332e-08 3.89618e-08 3.01708e-08 1.04546e-08 1.71857e-08 1.18448e-08 -3.45433e-10 -1.07988e-08 
-8.88241e-08 9.0055e-09 -2.06687e-08 6.02553e-09 2.99085e-08 1.70173e-08 2.13574e-08 4.67204e-08 4.49664e-08 4.83723e-08 5.07358e-08 5.79289e-08 7.42917e-08 7.52874e-08 8.95962e-08 9.24371e-08 9.89485e-08 1.05367e-07 1.21596e-07 1.26461e-07 1.31702e-07 1.46417e-07 1.57317e-07 1.7799e-07 1.91348e-07 2.09851e-07 2.26036e-07 2.48191e-07 2.59639e-07 2.30328e-07 2.04945e-07 1.69269e-07 1.40876e-07 1.16771e-07 9.8742e-08 3.47379e-08 2.60682e-07 1.21847e-07 -1.41689e-08 1.97278e-08 6.28928e-08 1.41038e-08 -3.39553e-09 -3.19887e-08 -3.67194e-08 -2.23609e-08 -1.4165e-08 -3.87253e-09 -4.60412e-09 3.82621e-09 2.85893e-08 4.23127e-08 3.86071e-08 5.24972e-08 5.25005e-08 4.8895e-08 4.6234e-08 3.57459e-08 2.07049e-08 1.89726e-08 3.80516e-08 5.61889e-08 6.01737e-08 5.37039e-08 5.00973e-08 2.83947e-08 3.18964e-08 2.65546e-08 1.78252e-08 -1.70662e-09 
-2.00312e-07 5.06971e-08 -3.51502e-09 2.34255e-08 3.44728e-08 2.11043e-08 2.06211e-08 4.22283e-08 2.85486e-08 3.21255e-08 3.92639e-08 4.67549e-08 6.56897e-08 6.38016e-08 7.29915e-08 7.52816e-08 8.59514e-08 9.16453e-08 1.06826e-07 1.11164e-07 1.17089e-07 1.3033e-07 1.36417e-07 1.56121e-07 1.68677e-07 1.82539e-07 1.95036e-07 2.16449e-07 2.30328e-07 2.57338e-07 2.29085e-07 1.93841e-07 1.63782e-07 1.35747e-07 1.14181e-07 -7.72513e-08 1.88019e-07 9.6056e-08 -5.55706e-08 -1.78563e-08 -1.24858e-08 -6.00293e-08 -7.75291e-08 -9.73633e-08 -8.9686e-08 -6.2111e-08 -4.01847e-08 -2.15902e-08 -5.09711e-09 6.06258e-09 2.50317e-08 2.50286e-08 1.34407e-08 2.00577e-08 3.39755e-08 4.05101e-08 5.0212e-08 5.00333e-08 3.65144e-08 3.75864e-08 5.15946e-08 5.80159e-08 6.52851e-08 6.25355e-08 6.60538e-08 5.05402e-08 5.6289e-08 4.78636e-08 3.65569e-08 1.73068e-08 
-2.61782e-07 2.00558e-08 2.57653e-10 1.73043e-09 3.15956e-08 2.75116e-08 2.53227e-08 3.35965e-08 1.71054e-08 1.56441e-08 3.10712e-08 3.28527e-08 4.45261e-08 4.45426e-08 5.6748e-08 6.38941e-08 7.04116e-08 7.50165e-08 8.78803e-08 9.21298e-08 9.59692e-08 1.11454e-07 1.15497e-07 1.3229e-07 1.42277e-07 1.53888e-07 1.65536e-07 1.86626e-07 2.04945e-07 2.29085e-07 2.55844e-07 2.20123e-07 1.91002e-07 1.59778e-07 1.33435e-07 -7.31023e-08 1.89363e-07 6.80287e-08 -2.4986e-08 -3.24073e-09 -1.81934e-08 -4.792e-08 -4.64162e-08 -5.51397e-08 -5.84788e-08 -3.90884e-08 -2.6616e-08 -1.60606e-09 1.69462e-08 1.79746e-08 2.83772e-08 1.80849e-08 2.75017e-10 7.29147e-09 2.34786e-08 2.92253e-08 3.53556e-08 3.30291e-08 2.31597e-08 2.07504e-08 3.32759e-08 4.36446e-08 5.65602e-08 6.40199e-08 7.74149e-08 6.77093e-08 7.88169e-08 6.80829e-08 5.32237e-08 2.19835e-08 
-1.45688e-07 -3.30866e-08 -3.2803e-08 -2.33308e-08 1.34981e-09 6.24393e-09 3.8151e-09 2.44243e-08 9.41558e-09 4.1416e-10 1.5175e-08 1.37895e-08 2.97952e-08 2.93984e-08 4.56373e-08 5.24068e-08 6.19079e-08 5.9126e-08 6.80866e-08 7.40128e-08 7.94752e-08 8.98342e-08 9.21634e-08 1.06814e-07 1.16433e-07 1.22527e-07 1.32892e-07 1.5205e-07 1.69269e-07 1.93841e-07 2.20123e-07 2.38355e-07 2.12069e-07 1.80102e-07 1.51806e-07 2.15293e-07 2.52405e-07 6.26611e-08 -4.51344e-09 5.47541e-09 -2.72833e-09 -6.25375e-08 -4.74855e-08 -5.15236e-08 -5.71877e-08 -3.37419e-08 -1.56428e-08 8.73875e-09 2.8943e-08 2.84374e-08 3.27833e-08 2.7399e-08 4.88068e-09 1.66077e-08 3.54182e-08 3.48097e-08 4.98593e-08 4.8147e-08 4.0257e-08 3.44379e-08 4.09097e-08 4.48289e-08 5.11395e-08 5.23982e-08 6.28197e-08 5.86494e-08 7.29574e-08 6.66989e-08 5.14509e-08 1.66843e-08 
-1.97348e-07 -2.99844e-08 -1.06074e-08 1.69355e-09 1.33736e-08 2.02335e-08 1.1496e-08 2.22237e-08 6.73357e-10 -1.52257e-08 -6.99594e-10 -6.69611e-11 1.65394e-08 1.54778e-08 3.11336e-08 3.87229e-08 4.58127e-08 4.39224e-08 5.48796e-08 6.21055e-08 6.78347e-08 7.85518e-08 8.19461e-08 9.50671e-08 1.02536e-07 1.0602e-07 1.13162e-07 1.27723e-07 1.40876e-07 1.63782e-07 1.91002e-07 2.12069e-07 2.29872e-07 1.98881e-07 1.71754e-07 2.88357e-07 3.02091e-07 7.31074e-08 1.34667e-08 1.30689e-08 3.90882e-09 -4.77893e-08 -2.98529e-08 -4.81164e-08 -5.1967e-08 -3.22472e-08 -2.73897e-08 9.35753e-09 2.59048e-08 3.22281e-08 3.38393e-08 2.25377e-08 1.61563e-09 1.42706e-08 3.12184e-08 2.39395e-08 4.40313e-08 4.30721e-08 3.86806e-08 4.03928e-08 3.96675e-08 3.54346e-08 4.10257e-08 4.07569e-08 5.28734e-08 5.54685e-08 7.33158e-08 7.01747e-08 6.14731e-08 2.57619e-08 
-1.77248e-07 -1.31113e-08 8.75255e-09 1.45951e-08 2.27309e-08 3.06438e-08 1.91045e-08 2.32816e-08 6.68521e-09 -1.11998e-08 3.0068e-10 2.12649e-09 1.3687e-08 1.16166e-08 2.56645e-08 3.21625e-08 3.90036e-08 3.83479e-08 4.55834e-08 5.03846e-08 5.68858e-08 6.62974e-08 6.82698e-08 7.97536e-08 8.81049e-08 9.14807e-08 9.59222e-08 1.06528e-07 1.16771e-07 1.35747e-07 1.59778e-07 1.80102e-07 1.98881e-07 2.16969e-07 1.91503e-07 2.19176e-07 2.58908e-07 1.60169e-08 4.72516e-09 -2.11025e-09 -2.53522e-08 -6.1032e-08 -2.86943e-08 -3.96421e-08 -4.47689e-08 -1.6881e-08 -1.59903e-08 1.82331e-08 2.23939e-08 2.48358e-08 2.53596e-08 2.04735e-08 1.61228e-09 1.3614e-08 2.82342e-08 2.19873e-08 4.10111e-08 4.47565e-08 4.35997e-08 4.70785e-08 4.64196e-08 3.78623e-08 3.62141e-08 2.73411e-08 3.863e-08 3.64481e-08 4.8818e-08 5.96062e-08 5.97564e-08 3.21896e-08 
-9.08875e-08 -5.66747e-08 -5.3436e-08 -3.44902e-08 -2.27256e-08 -1.43358e-08 -6.47261e-09 6.12014e-09 -1.49212e-08 -2.65875e-08 -8.42774e-09 -8.84746e-09 9.593e-09 2.50866e-09 1.85006e-08 1.96516e-08 2.41481e-08 2.25857e-08 2.5595e-08 3.1561e-08 3.94368e-08 5.02082e-08 5.23805e-08 6.69293e-08 7.45377e-08 7.80886e-08 8.02121e-08 9.12318e-08 9.8742e-08 1.14181e-07 1.33435e-07 1.51806e-07 1.71754e-07 1.91503e-07 2.11299e-07 5.1191e-07 2.66482e-07 5.83339e-08 7.54143e-08 2.37838e-08 -2.10983e-09 -5.52141e-08 -3.74224e-08 -3.76473e-08 -4.21335e-08 -2.29655e-08 -2.33879e-08 3.03031e-09 7.02089e-09 1.90722e-08 2.14983e-08 2.4172e-08 -5.38925e-09 1.26231e-09 1.85423e-08 1.14873e-08 3.02728e-08 3.13618e-08 3.47491e-08 4.01887e-08 3.96734e-08 3.35674e-08 3.29058e-08 1.84222e-08 2.32613e-08 1.54333e-08 2.28814e-08 3.76182e-08 4.89397e-08 3.73404e-08 
8.95088e-05 3.88024e-06 -6.59935e-07 1.12974e-06 1.717e-06 2.86302e-07 1.48085e-06 1.38799e-06 1.82944e-06 1.71787e-06 1.08677e-06 4.64837e-07 2.69202e-07 6.82638e-07 5.29521e-07 6.95931e-07 4.53668e-08 -1.46173e-07 -4.18739e-07 -4.74164e-07 -1.61136e-07 -2.19632e-07 -9.21635e-08 -1.33886e-07 -2.49703e-07 -2.25485e-07 -1.10443e-07 9.47414e-08 3.47379e-08 -7.72513e-08 -7.31023e-08 2.15293e-07 2.88357e-07 2.19176e-07 5.1191e-07 0.000461785 3.81591e-05 1.9804e-05 1.20206e-05 8.30319e-06 7.54496e-06 4.96311e-06 3.98464e-06 2.90778e-06 1.9151e-06 3.14306e-06 1.22184e-06 1.19172e-06 3.03187e-07 -1.84464e-07 -1.65719e-07 -1.10817e-06 -1.82829e-06 -1.17014e-06 -7.82162e-07 -1.71579e-06 -7.27237e-07 -2.21268e-07 1.62834e-07 2.07464e-07 -2.61896e-07 1.90498e-07 2.14273e-07 -3.27607e-07 -3.54517e-07 -4.6763e-07 -1.06929e-06 -8.50411e-07 -9.66093e-07 -1.16385e-06 
-8.34584e-06 2.37182e-06 3.23116e-06 3.47418e-06 2.94961e-06 2.64659e-06 2.6694e-06 2.26004e-06 2.28059e-06 2.10896e-06 1.61903e-06 1.51279e-06 1.30445e-06 1.28709e-06 1.18099e-06 1.11797e-06 1.15922e-06 1.06843e-06 1.05223e-06 9.62267e-07 7.99806e-07 8.44316e-07 7.61289e-07 6.39805e-07 5.26847e-07 3.50363e-07 2.93838e-07 3.81195e-07 2.60682e-07 1.88019e-07 1.89363e-07 2.52405e-07 3.02091e-07 2.58908e-07 2.66482e-07 3.81591e-05 5.89036e-05 1.76332e-05 9.51624e-06 6.27022e-06 3.64527e-06 2.60318e-06 2.09698e-06 1.23687e-06 5.43185e-07 1.67282e-07 1.13969e-08 -8.68274e-08 -2.83019e-07 -5.74824e-07 -3.70739e-07 -5.5154e-07 -2.88285e-07 -2.48121e-07 -4.18328e-07 -3.17716e-07 -3.40459e-07 -3.56472e-07 -4.53408e-07 -5.05775e-07 -6.28683e-07 -4.31353e-07 -4.11736e-07 -8.7497e-07 -7.13609e-07 -5.95476e-07 -5.63892e-07 -3.38949e-07 -4.25234e-07 -4.43917e-07 
-9.427e-07 1.37769e-06 6.28675e-07 1.16328e-06 1.41164e-06 1.43592e-06 1.34397e-06 1.27997e-06 1.26136e-06 1.18991e-06 1.03905e-06 9.0454e-07 7.51506e-07 5.90143e-07 3.80046e-07 2.97647e-07 2.84333e-07 1.64669e-07 1.8887e-07 1.2836e-07 1.11795e-07 1.77041e-07 2.03519e-07 2.06502e-07 1.93938e-07 2.06459e-07 1.16334e-07 1.28559e-07 1.21847e-07 9.6056e-08 6.80287e-08 6.26611e-08 7.31074e-08 1.60169e-08 5.83339e-08 1.9804e-05 1.76332e-05 2.40692e-05 1.05275e-05 6.78527e-06 4.64578e-06 3.32798e-06 2.49876e-06 1.77622e-06 1.41083e-06 1.06441e-06 1.04697e-06 9.53552e-07 5.96194e-07 5.19246e-07 4.59637e-07 1.88846e-07 1.09839e-07 -7.89727e-08 -1.27518e-08 5.02077e-08 2.09817e-07 2.56268e-07 2.8681e-07 3.15957e-07 2.70252e-07 3.57833e-07 3.20661e-07 2.26982e-07 2.06534e-07 1.39985e-07 1.27301e-07 8.51296e-08 6.34782e-08 -3.98664e-08 
4.34402e-06 -1.21021e-06 -8.82896e-07 -7.02437e-07 -2.61791e-07 9.72156e-08 2.60103e-07 2.5307e-07 2.45337e-07 2.39332e-07 3.35693e-07 2.85685e-07 2.73194e-07 2.24014e-07 1.57918e-07 9.03677e-08 1.19021e-07 1.33062e-07 1.05016e-07 8.05555e-08 8.57311e-08 1.05786e-07 1.14432e-07 1.13478e-07 3.23369e-08 4.73655e-08 -2.09996e-08 -1.33863e-08 -1.41689e-08 -5.55706e-08 -2.4986e-08 -4.51344e-09 1.34667e-08 4.72516e-09 7.54143e-08 1.20206e-05 9.51624e-06 1.05275e-05 1.40227e-05 8.50363e-06 6.09423e-06 4.64857e-06 3.49899e-06 2.88675e-06 2.32555e-06 1.80341e-06 1.49186e-06 1.46362e-06 1.0362e-06 9.04251e-07 7.85238e-07 6.21234e-07 4.16111e-07 2.4655e-07 1.89932e-07 1.27459e-07 1.61026e-07 1.81715e-07 1.44579e-07 1.91129e-07 1.81096e-07 2.09844e-07 2.79455e-07 2.39051e-07 2.2309e-07 1.31212e-07 1.32235e-07 3.01446e-08 -1.98219e-08 -4.113e-08 
5.59386e-06 -1.20991e-06 -1.23235e-06 -6.5866e-07 -4.6009e-07 -7.1474e-08 9.29708e-08 3.51934e-08 2.25904e-08 2.01992e-08 1.20669e-07 6.93124e-08 1.52183e-07 8.9485e-08 6.94421e-08 4.06765e-08 3.91521e-08 6.10941e-08 5.60493e-08 7.54293e-09 1.64654e-08 1.02546e-09 2.63207e-08 6.39262e-08 4.60119e-08 2.55896e-08 8.53469e-10 1.93028e-08 1.97278e-08 -1.78563e-08 -3.24073e-09 5.47541e-09 1.30689e-08 -2.11025e-09 2.37838e-08 8.30319e-06 6.27022e-06 6.78527e-06 8.50363e-06 1.10775e-05 7.35577e-06 5.69787e-06 4.36857e-06 3.47383e-06 2.74063e-06 2.00786e-06 1.6475e-06 1.49226e-06 1.11102e-06 9.85697e-07 8.20521e-07 7.19686e-07 5.96343e-07 3.50131e-07 2.75952e-07 1.99649e-07 2.1081e-07 2.15471e-07 1.6953e-07 2.03074e-07 2.61784e-07 2.33463e-07 3.05831e-07 2.25217e-07 1.89646e-07 1.5282e-07 1.89313e-07 1.72747e-07 1.32133e-07 2.29143e-08 
5.2823e-06 -1.81954e-06 -1.78517e-06 -9.3434e-07 -4.66457e-07 -3.2401e-07 -2.65706e-08 4.26171e-08 8.91387e-08 6.92061e-08 1.28674e-07 1.20507e-08 8.73889e-08 7.74194e-08 9.09529e-08 1.56046e-08 -1.3553e-08 2.33691e-08 2.33664e-08 6.75964e-09 2.12158e-08 3.47812e-08 1.80639e-08 5.52149e-08 3.92338e-08 6.28855e-08 5.43431e-08 5.22785e-08 6.28928e-08 -1.24858e-08 -1.81934e-08 -2.72833e-09 3.90882e-09 -2.53522e-08 -2.10983e-09 7.54496e-06 3.64527e-06 4.64578e-06 6.09423e-06 7.35577e-06 9.16688e-06 6.56489e-06 5.12029e-06 4.02375e-06 3.23829e-06 2.39498e-06 1.95189e-06 1.72928e-06 1.25908e-06 1.0894e-06 8.01487e-07 6.86089e-07 6.84548e-07 5.5448e-07 5.25898e-07 3.57249e-07 3.61915e-07 3.14298e-07 2.73495e-07 2.92989e-07 2.6937e-07 2.79069e-07 3.11594e-07 2.96286e-07 2.882e-07 2.29707e-07 2.36311e-07 1.37019e-07 6.70313e-08 -2.6508e-08 
4.35035e-06 -1.36915e-06 -1.65565e-06 -9.24652e-07 -5.88369e-07 -2.38459e-07 -5.64583e-08 5.92512e-08 1.28856e-07 8.20179e-08 1.56783e-07 6.62011e-08 9.30232e-08 7.28337e-08 6.49609e-08 2.48423e-08 -3.70872e-08 -3.72545e-09 5.88406e-09 -3.12067e-08 -4.75897e-08 -1.6317e-08 -1.02783e-08 2.82801e-08 1.12731e-08 6.93243e-09 1.36578e-08 8.54984e-09 1.41038e-08 -6.00293e-08 -4.792e-08 -6.25375e-08 -4.77893e-08 -6.1032e-08 -5.52141e-08 4.96311e-06 2.60318e-06 3.32798e-06 4.64857e-06 5.69787e-06 6.56489e-06 7.91262e-06 5.98388e-06 4.59726e-06 3.69083e-06 2.70283e-06 2.19398e-06 1.80982e-06 1.27872e-06 1.06312e-06 8.11243e-07 6.30513e-07 6.18414e-07 5.17218e-07 4.39097e-07 2.31329e-07 1.78725e-07 2.13588e-07 1.81595e-07 1.89675e-07 1.82072e-07 2.03168e-07 2.34239e-07 2.68213e-07 2.77141e-07 2.2207e-07 2.23913e-07 1.73791e-07 1.32727e-07 5.76678e-08 
3.67646e-06 -1.38866e-06 -1.41098e-06 -8.03261e-07 -4.69519e-07 -2.11925e-07 -3.14864e-08 1.43601e-08 1.85088e-07 1.47167e-07 1.46866e-07 6.92288e-08 2.1436e-08 1.3166e-08 3.89553e-08 7.37738e-09 -3.55124e-08 -8.28786e-10 -9.32253e-09 -4.46456e-08 -5.71782e-08 -1.23079e-08 1.16761e-09 4.52023e-08 1.10646e-08 -2.62164e-08 -1.6224e-08 -1.39674e-08 -3.39553e-09 -7.75291e-08 -4.64162e-08 -4.74855e-08 -2.98529e-08 -2.86943e-08 -3.74224e-08 3.98464e-06 2.09698e-06 2.49876e-06 3.49899e-06 4.36857e-06 5.12029e-06 5.98388e-06 7.24427e-06 5.46934e-06 4.4916e-06 3.34921e-06 2.68209e-06 2.11876e-06 1.49704e-06 1.17916e-06 9.51244e-07 6.68918e-07 6.01664e-07 5.37573e-07 4.07757e-07 2.15083e-07 1.71056e-07 2.28373e-07 2.09086e-07 1.76744e-07 1.3828e-07 1.75225e-07 1.66397e-07 2.6886e-07 2.78304e-07 2.20036e-07 2.16435e-07 1.89548e-07 1.01795e-07 2.12233e-08 
3.50541e-06 -7.76332e-07 -9.88854e-07 -6.20065e-07 -3.37322e-07 -1.54479e-07 4.66588e-08 1.21817e-07 1.98198e-07 1.75931e-07 2.06911e-07 8.87759e-08 1.37423e-08 2.83017e-08 3.55432e-08 7.87148e-09 -1.25026e-08 -4.7283e-09 -2.85109e-08 -5.09861e-08 -8.24609e-08 -5.5186e-08 -4.17251e-08 -1.74208e-08 -3.89529e-08 -6.78783e-08 -5.81828e-08 -4.30136e-08 -3.19887e-08 -9.73633e-08 -5.51397e-08 -5.15236e-08 -4.81164e-08 -3.96421e-08 -3.76473e-08 2.90778e-06 1.23687e-06 1.77622e-06 2.88675e-06 3.47383e-06 4.02375e-06 4.59726e-06 5.46934e-06 6.59239e-06 5.25751e-06 4.02252e-06 3.15153e-06 2.46012e-06 1.69243e-06 1.2721e-06 9.96206e-07 7.81127e-07 7.51243e-07 6.46377e-07 5.01442e-07 3.7469e-07 2.90663e-07 2.81972e-07 2.41292e-07 1.65318e-07 1.71651e-07 2.26013e-07 2.09663e-07 2.6363e-07 2.54338e-07 2.05268e-07 1.83734e-07 1.41938e-07 9.46219e-08 6.25578e-08 
2.41699e-06 -7.69096e-07 -7.82075e-07 -5.26835e-07 -3.2926e-07 -1.70242e-07 -3.02469e-10 6.95031e-08 1.54117e-07 1.47124e-07 2.29173e-07 1.07411e-07 3.13633e-08 3.65565e-08 3.35017e-08 -9.23886e-09 -5.42968e-08 -3.50848e-08 -5.51659e-08 -6.94221e-08 -7.75793e-08 -4.88261e-08 -4.29123e-08 -3.67253e-08 -4.7669e-08 -8.49156e-08 -5.72856e-08 -4.05669e-08 -3.67194e-08 -8.9686e-08 -5.84788e-08 -5.71877e-08 -5.1967e-08 -4.47689e-08 -4.21335e-08 1.9151e-06 5.43185e-07 1.41083e-06 2.32555e-06 2.74063e-06 3.23829e-06 3.69083e-06 4.4916e-06 5.25751e-06 5.95974e-06 4.55284e-06 3.63396e-06 2.77742e-06 2.01462e-06 1.55382e-06 1.15935e-06 8.65759e-07 7.84859e-07 6.53449e-07 5.15458e-07 3.56345e-07 3.16817e-07 3.03627e-07 2.57246e-07 2.27587e-07 2.00128e-07 2.15133e-07 2.01273e-07 2.79694e-07 2.8067e-07 2.45009e-07 1.77061e-07 1.42982e-07 7.66015e-08 3.30786e-08 
2.17597e-06 -4.61963e-07 -6.91659e-07 -3.13617e-07 -8.29179e-08 1.58318e-08 8.71198e-08 1.15607e-07 1.441e-07 1.70843e-07 2.69217e-07 2.09955e-07 1.6738e-07 1.46111e-07 1.03222e-07 7.93947e-08 1.78208e-08 1.5472e-08 -1.37879e-08 -3.13985e-08 -4.09532e-08 -3.28353e-10 3.39649e-09 -1.24333e-08 -2.93978e-08 -6.86755e-08 -5.22539e-08 -2.72721e-08 -2.23609e-08 -6.2111e-08 -3.90884e-08 -3.37419e-08 -3.22472e-08 -1.6881e-08 -2.29655e-08 3.14306e-06 1.67282e-07 1.06441e-06 1.80341e-06 2.00786e-06 2.39498e-06 2.70283e-06 3.34921e-06 4.02252e-06 4.55284e-06 4.96401e-06 3.92154e-06 3.06943e-06 2.28067e-06 1.76261e-06 1.35223e-06 9.92884e-07 8.31007e-07 6.34569e-07 5.18686e-07 3.6531e-07 3.34305e-07 3.12628e-07 2.42885e-07 2.1306e-07 1.49328e-07 1.46172e-07 1.49574e-07 2.41228e-07 2.42661e-07 2.10206e-07 1.72961e-07 1.10429e-07 6.04788e-08 2.52733e-08 
