#Ross et al. 2016, covariance matrix post-reconstruction correlation function monopole/quadrupole 
#redshift bin 3 bin center shifted by 1
#row/column numbers are index numbers, quadrupole comes after monopole
0.000252722 2.56837e-05 5.44465e-06 4.17179e-07 -1.6549e-06 -1.90535e-06 -2.89506e-06 -2.98544e-06 -3.54783e-06 -3.30869e-06 -2.32289e-06 -2.43504e-06 -1.99361e-06 -1.5087e-06 -8.60159e-07 -8.44581e-07 -1.1679e-06 -8.29396e-07 -8.30118e-07 -4.29064e-07 -4.66777e-07 -5.67978e-07 -3.40462e-07 -4.07716e-07 -3.13532e-07 -2.91476e-07 -1.81468e-07 -1.88904e-07 4.86844e-08 6.73398e-08 1.81112e-07 2.97086e-07 4.67402e-07 2.88938e-07 6.56197e-08 9.83089e-05 -3.04013e-06 -4.04292e-06 -7.57058e-07 1.267e-06 1.15952e-06 2.9919e-06 4.0658e-06 1.93934e-06 2.92599e-06 3.08243e-06 2.72346e-06 2.07736e-06 2.22572e-06 1.19757e-06 1.46957e-06 2.18224e-06 1.88234e-06 1.28452e-06 1.22643e-06 1.44748e-06 8.60434e-07 4.39264e-07 5.79731e-07 7.71089e-07 9.36968e-07 1.53318e-06 1.54853e-06 1.3431e-06 1.20717e-06 9.3178e-07 2.75439e-07 2.34737e-07 6.56125e-08 -2.33599e-07 
2.56837e-05 3.45633e-05 1.30265e-05 7.6769e-06 5.44859e-06 4.12217e-06 2.94713e-06 2.33541e-06 1.50874e-06 1.14904e-06 6.92004e-07 4.61423e-07 3.76424e-07 4.19928e-07 3.20009e-07 3.85448e-07 3.15336e-07 2.46029e-07 2.7654e-07 3.45596e-07 2.93283e-07 2.086e-07 1.3332e-07 1.94183e-07 1.29357e-07 1.38611e-07 2.1156e-07 1.7431e-07 1.23258e-07 2.30984e-07 2.42265e-07 3.15807e-07 3.5453e-07 2.57302e-07 1.9217e-07 2.59887e-06 3.1387e-06 -1.03403e-06 -2.33516e-06 -1.97592e-06 -2.30604e-06 -1.46144e-06 -1.50301e-06 -1.2938e-06 -1.3257e-06 -1.17908e-06 -1.11701e-06 -7.34418e-07 -6.45774e-07 -7.74483e-07 -9.57961e-07 -5.40066e-07 -5.56183e-07 -6.67926e-07 -5.01463e-07 -7.80588e-07 -3.7182e-07 -2.67177e-07 -3.00337e-07 -2.16953e-07 -1.75243e-07 -3.18773e-07 -2.9921e-07 -2.98126e-07 -1.10199e-07 1.79984e-07 6.19023e-08 -4.57693e-08 -1.57546e-07 -2.74405e-07 
5.44465e-06 1.30265e-05 1.27355e-05 6.7926e-06 5.01301e-06 3.90811e-06 2.97873e-06 2.50058e-06 1.87509e-06 1.51611e-06 1.21177e-06 1.03275e-06 8.19168e-07 7.40014e-07 5.43585e-07 5.62391e-07 4.86384e-07 4.11965e-07 3.58799e-07 3.87184e-07 3.04611e-07 3.09422e-07 2.77167e-07 2.68411e-07 1.33811e-07 1.42777e-07 1.6845e-07 1.50119e-07 1.37499e-07 1.94602e-07 1.61711e-07 1.82135e-07 2.17225e-07 1.71734e-07 1.39688e-07 -1.16418e-06 1.90598e-06 -8.35181e-07 -1.03115e-06 -1.63619e-06 -1.83192e-06 -1.37201e-06 -1.21452e-06 -7.07701e-07 -8.68808e-07 -6.21648e-07 -7.6162e-07 -3.7498e-07 -6.00198e-07 -5.82266e-07 -5.55641e-07 -4.69282e-07 -4.86562e-07 -4.68126e-07 -3.86842e-07 -4.04369e-07 -2.15566e-07 -1.87169e-07 -1.49274e-07 -1.70967e-07 -7.80913e-08 -1.06299e-07 -1.1415e-07 -1.20538e-07 -2.05843e-08 1.34185e-07 -5.0526e-09 -1.48465e-08 -1.57389e-07 -9.27638e-08 
4.17179e-07 7.6769e-06 6.7926e-06 7.18715e-06 4.71211e-06 3.77969e-06 2.94457e-06 2.46042e-06 1.92759e-06 1.62887e-06 1.23467e-06 1.09803e-06 8.75792e-07 7.44641e-07 5.9085e-07 5.66437e-07 4.60206e-07 3.78598e-07 3.59542e-07 3.68655e-07 2.85416e-07 3.10553e-07 2.73376e-07 2.70663e-07 1.77049e-07 1.5824e-07 1.94817e-07 1.5626e-07 1.46244e-07 1.79275e-07 1.3862e-07 1.5662e-07 1.56496e-07 1.47287e-07 1.23673e-07 3.22122e-07 2.4979e-06 5.6619e-08 -8.1565e-07 -1.02566e-06 -1.18745e-06 -9.49942e-07 -6.44915e-07 -4.39461e-07 -6.58225e-07 -3.73375e-07 -3.85392e-07 -2.09869e-07 -2.23901e-07 -3.17611e-07 -2.54584e-07 -1.73353e-07 -3.17019e-07 -2.31694e-07 -1.35999e-07 -1.9468e-07 -4.70301e-08 -9.93748e-10 1.57421e-08 -6.78242e-08 -6.53942e-08 -8.17882e-09 2.30014e-08 -6.63791e-08 -5.08497e-08 5.02319e-08 -1.94895e-09 -7.63857e-08 -8.81495e-08 -2.37073e-08 
-1.6549e-06 5.44859e-06 5.01301e-06 4.71211e-06 5.35087e-06 3.79363e-06 3.02846e-06 2.54402e-06 2.01136e-06 1.66062e-06 1.31669e-06 1.09845e-06 9.15629e-07 8.08679e-07 6.42962e-07 6.01952e-07 5.16675e-07 4.45626e-07 3.60048e-07 3.76802e-07 2.82542e-07 3.0551e-07 2.77016e-07 2.59161e-07 1.72324e-07 1.47201e-07 1.48944e-07 1.33837e-07 1.42148e-07 1.58274e-07 1.25098e-07 1.20235e-07 1.08311e-07 1.03688e-07 1.049e-07 1.60693e-06 3.03833e-06 7.94587e-07 -3.36126e-07 -8.93758e-07 -7.58013e-07 -7.00729e-07 -6.80211e-07 -3.71587e-07 -5.16168e-07 -1.87204e-07 -3.0909e-07 -1.22698e-07 -2.57462e-07 -3.19826e-07 -2.42515e-07 -2.30604e-07 -3.75369e-07 -3.01811e-07 -2.56099e-07 -2.98353e-07 -1.63302e-07 -1.28109e-07 -2.57344e-08 -1.44689e-07 -1.36056e-07 -1.30611e-07 -5.1416e-08 -9.60667e-08 -5.40907e-08 9.78048e-09 -3.13767e-08 -1.26296e-07 -1.44156e-07 -5.17545e-08 
-1.90535e-06 4.12217e-06 3.90811e-06 3.77969e-06 3.79363e-06 4.19862e-06 3.14222e-06 2.56371e-06 2.05716e-06 1.66992e-06 1.35031e-06 1.16749e-06 9.31188e-07 8.4542e-07 6.73203e-07 6.5436e-07 5.24307e-07 4.4159e-07 3.83716e-07 3.57454e-07 2.65681e-07 2.84658e-07 2.75474e-07 2.70854e-07 2.08724e-07 1.76887e-07 1.92764e-07 1.8171e-07 1.68329e-07 1.83916e-07 1.50624e-07 1.41288e-07 1.43925e-07 1.4754e-07 1.17542e-07 2.21824e-06 2.3015e-06 9.79681e-07 3.12998e-07 -2.07425e-07 -4.7311e-07 -2.81037e-07 -2.29857e-07 -1.3298e-07 -2.88696e-07 -1.26221e-07 -1.78732e-07 -3.86196e-08 -1.12967e-07 -2.48021e-07 -2.19781e-07 -2.50291e-07 -3.54973e-07 -3.11523e-07 -2.7953e-07 -2.76615e-07 -8.66222e-08 -2.87156e-08 -6.55286e-09 -5.08722e-08 -5.62039e-08 -4.23205e-08 8.31258e-09 -7.78921e-08 -2.24484e-08 3.57671e-08 -3.53929e-08 -6.37651e-08 -7.14507e-08 -3.58462e-08 
-2.89506e-06 2.94713e-06 2.97873e-06 2.94457e-06 3.02846e-06 3.14222e-06 3.43614e-06 2.67705e-06 2.15192e-06 1.8034e-06 1.44117e-06 1.25554e-06 1.04331e-06 9.14756e-07 7.32509e-07 6.95689e-07 5.34354e-07 4.62224e-07 4.02303e-07 3.77904e-07 3.03268e-07 3.26834e-07 3.04696e-07 3.04717e-07 2.3587e-07 2.07383e-07 2.11837e-07 1.96974e-07 1.82321e-07 1.95362e-07 1.72493e-07 1.50718e-07 1.34787e-07 1.3799e-07 1.13675e-07 1.26641e-06 2.11693e-06 9.23848e-07 4.4794e-07 -5.87279e-08 -3.01382e-07 -1.34485e-07 -1.06074e-07 -4.76803e-08 -1.53246e-07 -1.85003e-07 -1.96391e-07 -6.52332e-08 -1.45086e-07 -2.33091e-07 -2.2158e-07 -2.59359e-07 -3.02192e-07 -3.13235e-07 -2.67368e-07 -2.29344e-07 -7.74665e-08 -4.70072e-08 -2.77037e-08 -6.13546e-08 -4.40608e-08 7.76263e-09 -1.38941e-08 -7.42325e-08 -8.95141e-09 3.51777e-08 -1.56855e-08 -2.0887e-08 -5.21243e-08 -4.44725e-08 
-2.98544e-06 2.33541e-06 2.50058e-06 2.46042e-06 2.54402e-06 2.56371e-06 2.67705e-06 2.97152e-06 2.3158e-06 1.94797e-06 1.547e-06 1.32737e-06 1.09746e-06 9.45517e-07 7.7174e-07 7.1749e-07 5.61938e-07 4.87677e-07 4.21703e-07 4.05389e-07 3.2827e-07 3.18421e-07 3.1291e-07 3.04747e-07 2.60428e-07 2.2494e-07 2.13428e-07 2.03267e-07 1.79779e-07 1.91781e-07 1.69321e-07 1.45823e-07 1.36329e-07 1.33723e-07 1.17949e-07 2.0861e-06 2.10633e-06 1.03606e-06 4.99753e-07 9.98717e-08 -1.02605e-07 4.35396e-08 -5.50104e-08 4.23969e-08 -7.31154e-08 -1.20956e-07 -2.20057e-07 -1.45191e-07 -1.76212e-07 -2.17885e-07 -2.34876e-07 -2.79375e-07 -2.864e-07 -3.07315e-07 -2.58504e-07 -2.84409e-07 -1.29814e-07 -9.93931e-08 -1.15267e-07 -1.38868e-07 -1.07842e-07 -9.88944e-08 -1.03535e-07 -1.25781e-07 -8.07122e-08 -4.90604e-08 -1.10564e-07 -9.78913e-08 -1.04973e-07 -8.33852e-08 
-3.54783e-06 1.50874e-06 1.87509e-06 1.92759e-06 2.01136e-06 2.05716e-06 2.15192e-06 2.3158e-06 2.50611e-06 1.99869e-06 1.64028e-06 1.40513e-06 1.1787e-06 1.01719e-06 8.33229e-07 7.69792e-07 6.14354e-07 5.06898e-07 4.41296e-07 4.11435e-07 3.56274e-07 3.22446e-07 3.30042e-07 3.11512e-07 2.67742e-07 2.40222e-07 2.24897e-07 2.0743e-07 1.76613e-07 1.79573e-07 1.58384e-07 1.40409e-07 1.20136e-07 1.03605e-07 8.2522e-08 9.79445e-07 2.08909e-06 8.11529e-07 3.49536e-07 2.01141e-07 -1.34792e-07 9.41849e-09 3.99798e-08 1.21975e-07 8.78892e-09 -3.1283e-08 -1.61193e-07 -1.29961e-07 -1.87226e-07 -1.77248e-07 -2.28604e-07 -2.86704e-07 -2.81441e-07 -3.13477e-07 -2.51478e-07 -3.08502e-07 -1.50149e-07 -1.18699e-07 -1.23278e-07 -1.4165e-07 -1.19133e-07 -1.2387e-07 -1.19212e-07 -1.31043e-07 -9.63713e-08 -7.21847e-08 -1.01474e-07 -9.1585e-08 -1.29342e-07 -1.3488e-07 
-3.30869e-06 1.14904e-06 1.51611e-06 1.62887e-06 1.66062e-06 1.66992e-06 1.8034e-06 1.94797e-06 1.99869e-06 2.24725e-06 1.73057e-06 1.51881e-06 1.30468e-06 1.12254e-06 9.33736e-07 8.35613e-07 6.75555e-07 5.65236e-07 4.82738e-07 4.36246e-07 3.76672e-07 3.49889e-07 3.34478e-07 3.11128e-07 2.7275e-07 2.52531e-07 2.32123e-07 2.26107e-07 1.96354e-07 2.04244e-07 1.88997e-07 1.54422e-07 1.21366e-07 1.04254e-07 8.55864e-08 1.90501e-06 1.56809e-06 7.55577e-07 4.18646e-07 2.42335e-07 -4.40157e-08 3.23947e-08 2.80824e-08 1.34756e-07 5.63962e-08 5.29309e-08 -6.53153e-08 -1.09356e-07 -1.22042e-07 -1.41482e-07 -1.57143e-07 -2.15802e-07 -2.07988e-07 -2.55828e-07 -2.55004e-07 -3.00557e-07 -1.84888e-07 -1.66273e-07 -1.96302e-07 -2.06277e-07 -1.79567e-07 -1.84379e-07 -1.57312e-07 -1.70201e-07 -1.45339e-07 -1.38253e-07 -1.29484e-07 -1.29977e-07 -1.56534e-07 -1.61389e-07 
-2.32289e-06 6.92004e-07 1.21177e-06 1.23467e-06 1.31669e-06 1.35031e-06 1.44117e-06 1.547e-06 1.64028e-06 1.73057e-06 1.83898e-06 1.5153e-06 1.30089e-06 1.12285e-06 9.21771e-07 8.17273e-07 6.55903e-07 5.48685e-07 4.66262e-07 4.1517e-07 3.57232e-07 3.34314e-07 3.18801e-07 2.88041e-07 2.42615e-07 2.24675e-07 2.12005e-07 1.9388e-07 1.76067e-07 1.82561e-07 1.67544e-07 1.35854e-07 1.08585e-07 9.4309e-08 7.989e-08 1.57186e-06 1.05007e-06 7.4187e-07 3.84796e-07 2.99399e-07 -8.17353e-08 3.82024e-08 -4.84291e-08 1.08453e-07 3.14579e-08 7.05628e-08 -6.15371e-08 -6.84103e-08 -6.65845e-08 -1.4721e-07 -1.58445e-07 -1.95601e-07 -1.78894e-07 -2.50994e-07 -2.41401e-07 -2.33738e-07 -1.33408e-07 -1.41521e-07 -1.60391e-07 -1.72682e-07 -1.40072e-07 -1.47082e-07 -1.12573e-07 -1.2024e-07 -9.73752e-08 -9.46144e-08 -7.75982e-08 -7.75754e-08 -1.32503e-07 -1.57973e-07 
-2.43504e-06 4.61423e-07 1.03275e-06 1.09803e-06 1.09845e-06 1.16749e-06 1.25554e-06 1.32737e-06 1.40513e-06 1.51881e-06 1.5153e-06 1.68341e-06 1.36651e-06 1.17949e-06 9.79883e-07 8.58788e-07 7.04216e-07 5.98245e-07 5.03858e-07 4.40674e-07 3.80981e-07 3.5935e-07 3.33528e-07 3.05644e-07 2.54175e-07 2.34254e-07 2.06976e-07 1.837e-07 1.59167e-07 1.65957e-07 1.49303e-07 1.2051e-07 9.5728e-08 8.96413e-08 7.85248e-08 1.26958e-06 1.24037e-06 6.6001e-07 3.25184e-07 1.914e-07 -1.46552e-07 3.85808e-08 1.09122e-08 1.47096e-07 9.32985e-08 1.13123e-07 -4.10636e-09 -2.67407e-08 -1.06269e-07 -1.77828e-07 -1.8745e-07 -1.93814e-07 -2.0913e-07 -2.67252e-07 -2.50125e-07 -2.58792e-07 -1.79363e-07 -1.72842e-07 -1.96415e-07 -2.12141e-07 -1.90376e-07 -2.19423e-07 -1.87088e-07 -1.91055e-07 -1.49126e-07 -1.21422e-07 -1.03378e-07 -8.43327e-08 -1.4268e-07 -1.57369e-07 
-1.99361e-06 3.76424e-07 8.19168e-07 8.75792e-07 9.15629e-07 9.31188e-07 1.04331e-06 1.09746e-06 1.1787e-06 1.30468e-06 1.30089e-06 1.36651e-06 1.46466e-06 1.20929e-06 1.0169e-06 8.92578e-07 7.17227e-07 6.16503e-07 5.21594e-07 4.44404e-07 3.90843e-07 3.56264e-07 3.22656e-07 2.82584e-07 2.40855e-07 2.18404e-07 1.9548e-07 1.77313e-07 1.49352e-07 1.60294e-07 1.43072e-07 1.16718e-07 9.1258e-08 7.60942e-08 7.10151e-08 1.34028e-06 9.21856e-07 6.36482e-07 2.37186e-07 1.90487e-07 -5.42264e-08 1.00846e-07 6.73046e-09 1.1869e-07 3.45882e-08 7.69382e-08 4.49566e-09 -2.61626e-08 -5.9955e-08 -1.3418e-07 -1.75444e-07 -1.88556e-07 -1.98994e-07 -2.71422e-07 -2.59191e-07 -2.45314e-07 -1.75144e-07 -1.50992e-07 -1.62654e-07 -1.89154e-07 -1.93842e-07 -2.13446e-07 -1.78673e-07 -1.9208e-07 -1.62325e-07 -1.59345e-07 -1.14926e-07 -1.09011e-07 -1.49594e-07 -1.53017e-07 
-1.5087e-06 4.19928e-07 7.40014e-07 7.44641e-07 8.08679e-07 8.4542e-07 9.14756e-07 9.45517e-07 1.01719e-06 1.12254e-06 1.12285e-06 1.17949e-06 1.20929e-06 1.30829e-06 1.0602e-06 9.3245e-07 7.47475e-07 6.37184e-07 5.43713e-07 4.55716e-07 3.98852e-07 3.57759e-07 3.27986e-07 2.94545e-07 2.54206e-07 2.32813e-07 2.01401e-07 1.84244e-07 1.55503e-07 1.61788e-07 1.47848e-07 1.19918e-07 1.03691e-07 8.20125e-08 7.57952e-08 9.51659e-07 9.63728e-07 5.97151e-07 3.24356e-07 2.77383e-07 -8.24505e-08 4.98998e-08 4.7513e-09 1.14907e-07 -3.18271e-09 4.40055e-08 -4.36605e-08 -8.73215e-12 -4.59088e-08 -9.40367e-08 -1.60872e-07 -2.02927e-07 -2.08726e-07 -2.87832e-07 -2.61917e-07 -2.68251e-07 -2.13371e-07 -1.91796e-07 -1.9029e-07 -1.94822e-07 -2.1563e-07 -2.33623e-07 -2.10964e-07 -2.0402e-07 -1.80868e-07 -1.70764e-07 -1.36087e-07 -1.28533e-07 -1.58265e-07 -1.44919e-07 
-8.60159e-07 3.20009e-07 5.43585e-07 5.9085e-07 6.42962e-07 6.73203e-07 7.32509e-07 7.7174e-07 8.33229e-07 9.33736e-07 9.21771e-07 9.79883e-07 1.0169e-06 1.0602e-06 1.13919e-06 9.42709e-07 7.65386e-07 6.69131e-07 5.55475e-07 4.68176e-07 4.10388e-07 3.68149e-07 3.30329e-07 2.95086e-07 2.63382e-07 2.3274e-07 1.93127e-07 1.76469e-07 1.53253e-07 1.58335e-07 1.43916e-07 1.1607e-07 1.05809e-07 8.09264e-08 7.70723e-08 1.82573e-06 9.69237e-07 5.66769e-07 2.77011e-07 2.31093e-07 -5.4512e-08 5.79543e-08 5.14784e-09 7.14935e-08 -2.06953e-08 -1.95012e-08 -5.94582e-08 1.09573e-08 6.24042e-09 -4.68033e-08 -4.83429e-08 -9.43689e-08 -1.15395e-07 -1.96941e-07 -1.98806e-07 -1.91141e-07 -1.60193e-07 -1.42754e-07 -1.72428e-07 -1.60425e-07 -2.10261e-07 -2.2514e-07 -2.07138e-07 -2.05106e-07 -1.81815e-07 -1.72968e-07 -1.35029e-07 -1.1913e-07 -1.41274e-07 -1.33054e-07 
-8.44581e-07 3.85448e-07 5.62391e-07 5.66437e-07 6.01952e-07 6.5436e-07 6.95689e-07 7.1749e-07 7.69792e-07 8.35613e-07 8.17273e-07 8.58788e-07 8.92578e-07 9.3245e-07 9.42709e-07 1.03756e-06 8.21877e-07 7.07608e-07 5.92805e-07 4.96872e-07 4.26547e-07 3.87011e-07 3.43848e-07 3.06546e-07 2.69813e-07 2.40105e-07 2.01266e-07 1.90499e-07 1.68134e-07 1.66041e-07 1.53124e-07 1.24606e-07 1.13994e-07 8.5039e-08 7.95519e-08 1.39602e-06 7.62589e-07 3.98112e-07 1.61663e-07 1.73459e-07 -1.62682e-07 4.4338e-08 1.19513e-08 4.67745e-08 -1.29295e-07 -1.16455e-07 -1.48709e-07 -8.69741e-08 -5.68279e-08 -8.90317e-08 -9.68177e-08 -1.32423e-07 -1.44486e-07 -2.11945e-07 -2.27732e-07 -2.29318e-07 -2.02994e-07 -1.61001e-07 -1.96791e-07 -2.08299e-07 -2.43342e-07 -2.26436e-07 -2.20872e-07 -2.16948e-07 -1.84953e-07 -1.81999e-07 -1.516e-07 -1.41871e-07 -1.70137e-07 -1.54973e-07 
-1.1679e-06 3.15336e-07 4.86384e-07 4.60206e-07 5.16675e-07 5.24307e-07 5.34354e-07 5.61938e-07 6.14354e-07 6.75555e-07 6.55903e-07 7.04216e-07 7.17227e-07 7.47475e-07 7.65386e-07 8.21877e-07 8.86577e-07 7.21835e-07 6.16761e-07 5.24351e-07 4.58559e-07 4.02571e-07 3.62051e-07 3.28221e-07 2.86758e-07 2.52935e-07 2.10033e-07 1.8752e-07 1.60287e-07 1.62351e-07 1.47867e-07 1.27691e-07 1.11569e-07 8.47654e-08 8.0795e-08 5.25135e-07 7.03102e-07 4.40952e-07 1.70741e-07 7.57497e-08 -1.84772e-07 -6.03192e-08 -2.97287e-08 -1.25776e-09 -1.33861e-07 -7.98069e-08 -1.27602e-07 -8.66185e-08 -8.88054e-08 -1.03328e-07 -7.51757e-08 -8.00116e-08 -8.60246e-08 -1.40088e-07 -1.52415e-07 -1.49524e-07 -1.44532e-07 -1.35523e-07 -1.74404e-07 -1.82809e-07 -2.27143e-07 -2.01286e-07 -2.04266e-07 -2.14345e-07 -1.74315e-07 -1.75568e-07 -1.48785e-07 -1.45189e-07 -1.65885e-07 -1.44111e-07 
-8.29396e-07 2.46029e-07 4.11965e-07 3.78598e-07 4.45626e-07 4.4159e-07 4.62224e-07 4.87677e-07 5.06898e-07 5.65236e-07 5.48685e-07 5.98245e-07 6.16503e-07 6.37184e-07 6.69131e-07 7.07608e-07 7.21835e-07 8.01884e-07 6.52023e-07 5.69207e-07 4.91797e-07 4.31554e-07 3.82925e-07 3.41031e-07 2.98663e-07 2.65794e-07 2.19885e-07 1.98476e-07 1.72139e-07 1.6573e-07 1.52009e-07 1.27637e-07 1.13126e-07 9.06495e-08 8.73547e-08 8.08464e-07 7.98482e-07 3.09194e-07 8.63929e-08 4.82968e-08 -1.985e-07 -6.11099e-08 -7.69569e-08 -7.28383e-08 -1.6768e-07 -1.02259e-07 -1.45484e-07 -1.47078e-07 -1.34634e-07 -1.69564e-07 -1.36664e-07 -1.27418e-07 -1.24402e-07 -1.46509e-07 -1.57754e-07 -1.59086e-07 -1.71376e-07 -1.76024e-07 -1.88472e-07 -2.0044e-07 -2.43991e-07 -2.22568e-07 -2.24257e-07 -2.38793e-07 -1.9137e-07 -1.87428e-07 -1.60057e-07 -1.59199e-07 -1.76808e-07 -1.55185e-07 
-8.30118e-07 2.7654e-07 3.58799e-07 3.59542e-07 3.60048e-07 3.83716e-07 4.02303e-07 4.21703e-07 4.41296e-07 4.82738e-07 4.66262e-07 5.03858e-07 5.21594e-07 5.43713e-07 5.55475e-07 5.92805e-07 6.16761e-07 6.52023e-07 7.09796e-07 5.86056e-07 5.10783e-07 4.42418e-07 3.95066e-07 3.46412e-07 3.02664e-07 2.64791e-07 2.20292e-07 1.94853e-07 1.61318e-07 1.51525e-07 1.40412e-07 1.22435e-07 1.12545e-07 9.28411e-08 9.0394e-08 1.46852e-07 5.13111e-07 1.93836e-07 1.46937e-07 7.18357e-08 -1.71327e-07 -2.15564e-08 -3.52612e-08 -6.10339e-08 -1.35302e-07 -8.18294e-08 -1.12709e-07 -1.30303e-07 -1.39116e-07 -1.71139e-07 -1.2719e-07 -1.11054e-07 -1.00759e-07 -1.15984e-07 -1.18533e-07 -1.27941e-07 -1.36375e-07 -1.49878e-07 -1.73033e-07 -1.78135e-07 -2.15154e-07 -2.06471e-07 -2.02803e-07 -2.10117e-07 -1.6693e-07 -1.62772e-07 -1.52893e-07 -1.43951e-07 -1.57551e-07 -1.15098e-07 
-4.29064e-07 3.45596e-07 3.87184e-07 3.68655e-07 3.76802e-07 3.57454e-07 3.77904e-07 4.05389e-07 4.11435e-07 4.36246e-07 4.1517e-07 4.40674e-07 4.44404e-07 4.55716e-07 4.68176e-07 4.96872e-07 5.24351e-07 5.69207e-07 5.86056e-07 6.41211e-07 5.30889e-07 4.61626e-07 4.11025e-07 3.58378e-07 3.10189e-07 2.79066e-07 2.38679e-07 2.17856e-07 1.84433e-07 1.71145e-07 1.57546e-07 1.35384e-07 1.26417e-07 1.06503e-07 9.4876e-08 7.53233e-07 5.84946e-07 1.67137e-07 1.46128e-07 7.60927e-08 -1.23015e-07 -2.53584e-08 -7.76156e-08 -6.21131e-08 -1.38321e-07 -9.28034e-08 -1.30484e-07 -1.43683e-07 -1.37453e-07 -1.68805e-07 -1.27063e-07 -1.2369e-07 -1.1418e-07 -1.09786e-07 -1.07983e-07 -1.2015e-07 -1.1953e-07 -1.51574e-07 -1.60887e-07 -1.72108e-07 -1.95131e-07 -1.80698e-07 -1.88799e-07 -1.90296e-07 -1.47209e-07 -1.39681e-07 -1.35727e-07 -1.37434e-07 -1.44527e-07 -1.13819e-07 
-4.66777e-07 2.93283e-07 3.04611e-07 2.85416e-07 2.82542e-07 2.65681e-07 3.03268e-07 3.2827e-07 3.56274e-07 3.76672e-07 3.57232e-07 3.80981e-07 3.90843e-07 3.98852e-07 4.10388e-07 4.26547e-07 4.58559e-07 4.91797e-07 5.10783e-07 5.30889e-07 5.91282e-07 4.82859e-07 4.29369e-07 3.77673e-07 3.29095e-07 2.90489e-07 2.46676e-07 2.21023e-07 1.8677e-07 1.7144e-07 1.61672e-07 1.46511e-07 1.3383e-07 1.17735e-07 1.03385e-07 2.64797e-07 4.9266e-07 1.0795e-07 4.56486e-08 7.29281e-08 -9.45067e-08 -4.06813e-08 -5.62968e-08 -8.68545e-08 -1.23701e-07 -4.36699e-08 -9.8526e-08 -1.16983e-07 -1.2702e-07 -1.73272e-07 -1.1974e-07 -1.13207e-07 -9.97992e-08 -9.11773e-08 -7.98331e-08 -5.90197e-08 -6.67145e-08 -1.10509e-07 -1.39445e-07 -1.52405e-07 -1.7294e-07 -1.76669e-07 -1.87317e-07 -1.88026e-07 -1.37972e-07 -1.3118e-07 -1.15699e-07 -1.18069e-07 -1.27318e-07 -1.09785e-07 
-5.67978e-07 2.086e-07 3.09422e-07 3.10553e-07 3.0551e-07 2.84658e-07 3.26834e-07 3.18421e-07 3.22446e-07 3.49889e-07 3.34314e-07 3.5935e-07 3.56264e-07 3.57759e-07 3.68149e-07 3.87011e-07 4.02571e-07 4.31554e-07 4.42418e-07 4.61626e-07 4.82859e-07 5.26948e-07 4.46257e-07 3.8767e-07 3.33815e-07 2.90622e-07 2.56288e-07 2.22403e-07 1.90547e-07 1.77327e-07 1.61597e-07 1.51366e-07 1.3473e-07 1.18899e-07 1.111e-07 1.42576e-07 5.01613e-07 6.29575e-08 4.62892e-08 5.00763e-08 -1.05365e-07 1.09793e-08 -5.38335e-09 -7.35755e-08 -8.68555e-08 -4.62165e-08 -1.0071e-07 -1.13666e-07 -1.28254e-07 -1.7958e-07 -1.19237e-07 -1.15094e-07 -1.07319e-07 -9.42823e-08 -9.18925e-08 -5.47746e-08 -3.97364e-08 -5.98458e-08 -8.64789e-08 -1.08644e-07 -1.16903e-07 -1.30273e-07 -1.54463e-07 -1.63357e-07 -1.1983e-07 -1.08796e-07 -9.09475e-08 -9.33671e-08 -1.0386e-07 -8.98651e-08 
-3.40462e-07 1.3332e-07 2.77167e-07 2.73376e-07 2.77016e-07 2.75474e-07 3.04696e-07 3.1291e-07 3.30042e-07 3.34478e-07 3.18801e-07 3.33528e-07 3.22656e-07 3.27986e-07 3.30329e-07 3.43848e-07 3.62051e-07 3.82925e-07 3.95066e-07 4.11025e-07 4.29369e-07 4.46257e-07 5.08314e-07 4.21295e-07 3.64295e-07 3.16204e-07 2.81957e-07 2.45775e-07 2.09317e-07 1.91026e-07 1.72673e-07 1.55563e-07 1.39999e-07 1.24384e-07 1.21589e-07 4.98146e-08 3.15337e-07 1.13162e-07 5.73018e-08 7.79904e-08 -9.1682e-08 -2.3576e-08 -2.57343e-08 -5.71701e-08 -5.74651e-08 -4.30083e-08 -1.00863e-07 -1.07742e-07 -1.27337e-07 -1.57996e-07 -9.49258e-08 -6.34753e-08 -7.34314e-08 -7.45698e-08 -7.56164e-08 -5.8534e-08 -3.51738e-08 -3.44498e-08 -6.06255e-08 -8.6902e-08 -1.09719e-07 -1.10211e-07 -1.40446e-07 -1.52419e-07 -1.18915e-07 -1.06885e-07 -1.01546e-07 -1.06129e-07 -1.15676e-07 -9.64833e-08 
-4.07716e-07 1.94183e-07 2.68411e-07 2.70663e-07 2.59161e-07 2.70854e-07 3.04717e-07 3.04747e-07 3.11512e-07 3.11128e-07 2.88041e-07 3.05644e-07 2.82584e-07 2.94545e-07 2.95086e-07 3.06546e-07 3.28221e-07 3.41031e-07 3.46412e-07 3.58378e-07 3.77673e-07 3.8767e-07 4.21295e-07 4.81656e-07 3.98491e-07 3.47122e-07 3.06733e-07 2.58395e-07 2.2399e-07 2.0529e-07 1.83874e-07 1.65633e-07 1.49127e-07 1.29829e-07 1.26152e-07 -8.47335e-08 2.6021e-07 7.04291e-08 2.76357e-08 4.10816e-08 -1.04592e-07 -9.0718e-09 1.13329e-08 -2.43193e-08 -6.74286e-08 -3.47071e-08 -9.54511e-08 -7.65142e-08 -8.52667e-08 -1.24087e-07 -8.68309e-08 -9.02018e-08 -8.896e-08 -1.10692e-07 -1.04487e-07 -7.77108e-08 -5.61531e-08 -5.81932e-08 -6.90552e-08 -7.22337e-08 -9.41601e-08 -1.02114e-07 -1.36507e-07 -1.40871e-07 -1.14531e-07 -9.42182e-08 -9.6477e-08 -1.0083e-07 -1.10587e-07 -8.8453e-08 
-3.13532e-07 1.29357e-07 1.33811e-07 1.77049e-07 1.72324e-07 2.08724e-07 2.3587e-07 2.60428e-07 2.67742e-07 2.7275e-07 2.42615e-07 2.54175e-07 2.40855e-07 2.54206e-07 2.63382e-07 2.69813e-07 2.86758e-07 2.98663e-07 3.02664e-07 3.10189e-07 3.29095e-07 3.33815e-07 3.64295e-07 3.98491e-07 4.30767e-07 3.54453e-07 3.10778e-07 2.69563e-07 2.3046e-07 2.06215e-07 1.89717e-07 1.7048e-07 1.54372e-07 1.28877e-07 1.25286e-07 6.5156e-08 2.80556e-07 1.13232e-07 8.09371e-08 1.19067e-07 -3.45371e-08 3.6272e-08 4.65296e-08 3.58019e-08 6.01643e-09 3.38036e-09 -6.54188e-08 -5.53534e-08 -7.16083e-08 -1.07359e-07 -7.11855e-08 -7.08883e-08 -7.41568e-08 -9.03497e-08 -9.14559e-08 -6.64655e-08 -5.96101e-08 -6.85582e-08 -6.81125e-08 -5.46612e-08 -6.2755e-08 -6.43072e-08 -1.03506e-07 -1.0948e-07 -9.54448e-08 -9.40966e-08 -8.94954e-08 -9.9248e-08 -1.02017e-07 -9.4131e-08 
-2.91476e-07 1.38611e-07 1.42777e-07 1.5824e-07 1.47201e-07 1.76887e-07 2.07383e-07 2.2494e-07 2.40222e-07 2.52531e-07 2.24675e-07 2.34254e-07 2.18404e-07 2.32813e-07 2.3274e-07 2.40105e-07 2.52935e-07 2.65794e-07 2.64791e-07 2.79066e-07 2.90489e-07 2.90622e-07 3.16204e-07 3.47122e-07 3.54453e-07 3.96114e-07 3.30432e-07 2.83871e-07 2.43299e-07 2.17855e-07 1.98157e-07 1.71455e-07 1.55211e-07 1.27162e-07 1.25975e-07 -1.36156e-08 3.83082e-07 1.04779e-07 5.81364e-08 8.98612e-08 -2.9816e-08 -6.29308e-09 2.7342e-09 -1.89191e-09 -4.73817e-08 -1.72149e-08 -5.82746e-08 -4.55273e-08 -7.655e-08 -8.41371e-08 -6.27142e-08 -5.21586e-08 -7.03532e-08 -8.86886e-08 -8.90681e-08 -8.73811e-08 -7.20521e-08 -7.70644e-08 -7.76157e-08 -5.54005e-08 -4.95663e-08 -5.22264e-08 -9.17913e-08 -9.72407e-08 -8.99822e-08 -9.05024e-08 -7.87383e-08 -8.63772e-08 -9.90443e-08 -9.00818e-08 
-1.81468e-07 2.1156e-07 1.6845e-07 1.94817e-07 1.48944e-07 1.92764e-07 2.11837e-07 2.13428e-07 2.24897e-07 2.32123e-07 2.12005e-07 2.06976e-07 1.9548e-07 2.01401e-07 1.93127e-07 2.01266e-07 2.10033e-07 2.19885e-07 2.20292e-07 2.38679e-07 2.46676e-07 2.56288e-07 2.81957e-07 3.06733e-07 3.10778e-07 3.30432e-07 3.71312e-07 3.00498e-07 2.57445e-07 2.27946e-07 2.06574e-07 1.80974e-07 1.61608e-07 1.34387e-07 1.30453e-07 9.50786e-08 3.36006e-07 9.5682e-08 3.11014e-08 8.16133e-08 -2.32379e-08 1.43353e-08 1.63653e-08 8.03032e-09 -3.69739e-08 -4.41554e-09 -7.45448e-08 -3.50379e-08 -4.97374e-08 -9.09681e-08 -6.22819e-08 -4.61982e-08 -6.37011e-08 -7.59106e-08 -6.92337e-08 -7.13222e-08 -5.43682e-08 -6.50967e-08 -5.48272e-08 -5.38831e-08 -2.80191e-08 -1.6607e-08 -6.58926e-08 -7.17828e-08 -7.41083e-08 -7.20075e-08 -6.81352e-08 -8.25833e-08 -9.70641e-08 -8.55104e-08 
-1.88904e-07 1.7431e-07 1.50119e-07 1.5626e-07 1.33837e-07 1.8171e-07 1.96974e-07 2.03267e-07 2.0743e-07 2.26107e-07 1.9388e-07 1.837e-07 1.77313e-07 1.84244e-07 1.76469e-07 1.90499e-07 1.8752e-07 1.98476e-07 1.94853e-07 2.17856e-07 2.21023e-07 2.22403e-07 2.45775e-07 2.58395e-07 2.69563e-07 2.83871e-07 3.00498e-07 3.35794e-07 2.71891e-07 2.38701e-07 2.16468e-07 1.8488e-07 1.62377e-07 1.36018e-07 1.32004e-07 1.6914e-07 3.32854e-07 1.42943e-07 8.28641e-09 7.80213e-08 -1.81697e-08 1.12883e-08 2.91984e-08 4.86747e-09 2.41581e-09 -4.2451e-09 -6.48223e-08 -4.74327e-08 -5.19294e-08 -9.80895e-08 -8.43621e-08 -5.32221e-08 -6.17879e-08 -6.28523e-08 -6.3287e-08 -5.71706e-08 -5.49114e-08 -6.79876e-08 -6.26263e-08 -5.94256e-08 -3.66396e-08 -2.02265e-08 -5.86759e-08 -4.12595e-08 -5.60831e-08 -7.0965e-08 -6.153e-08 -7.23539e-08 -9.60659e-08 -8.53356e-08 
4.86844e-08 1.23258e-07 1.37499e-07 1.46244e-07 1.42148e-07 1.68329e-07 1.82321e-07 1.79779e-07 1.76613e-07 1.96354e-07 1.76067e-07 1.59167e-07 1.49352e-07 1.55503e-07 1.53253e-07 1.68134e-07 1.60287e-07 1.72139e-07 1.61318e-07 1.84433e-07 1.8677e-07 1.90547e-07 2.09317e-07 2.2399e-07 2.3046e-07 2.43299e-07 2.57445e-07 2.71891e-07 3.04861e-07 2.50567e-07 2.27518e-07 1.95883e-07 1.71106e-07 1.44067e-07 1.36008e-07 3.14723e-07 2.02659e-07 1.4315e-07 5.41588e-08 4.15492e-08 1.41547e-08 5.47784e-09 1.26176e-08 -2.84965e-08 -1.53543e-09 -1.87709e-08 -1.01268e-07 -5.42413e-08 -4.83059e-08 -8.98844e-08 -7.78802e-08 -7.5912e-08 -7.7197e-08 -8.14868e-08 -8.09734e-08 -7.91401e-08 -6.94857e-08 -8.09792e-08 -6.32122e-08 -6.86647e-08 -4.94093e-08 -2.18508e-08 -5.0846e-08 -3.89965e-08 -4.32838e-08 -6.43034e-08 -5.77989e-08 -6.41847e-08 -8.8771e-08 -8.68738e-08 
6.73398e-08 2.30984e-07 1.94602e-07 1.79275e-07 1.58274e-07 1.83916e-07 1.95362e-07 1.91781e-07 1.79573e-07 2.04244e-07 1.82561e-07 1.65957e-07 1.60294e-07 1.61788e-07 1.58335e-07 1.66041e-07 1.62351e-07 1.6573e-07 1.51525e-07 1.71145e-07 1.7144e-07 1.77327e-07 1.91026e-07 2.0529e-07 2.06215e-07 2.17855e-07 2.27946e-07 2.38701e-07 2.50567e-07 2.86641e-07 2.43314e-07 2.11886e-07 1.84091e-07 1.58349e-07 1.47974e-07 1.26398e-07 1.64413e-07 1.92405e-07 5.00154e-08 1.0268e-08 -3.24444e-08 -2.99691e-08 -2.0032e-08 -3.55815e-08 -2.60664e-08 -8.20808e-09 -9.03079e-08 -2.13465e-08 -2.60531e-08 -7.02898e-08 -5.04334e-08 -6.20912e-08 -7.75445e-08 -8.6789e-08 -8.44021e-08 -8.1543e-08 -6.76148e-08 -7.42319e-08 -5.9696e-08 -5.89757e-08 -4.24117e-08 -3.20505e-08 -5.32476e-08 -4.24893e-08 -3.36411e-08 -3.9839e-08 -3.63177e-08 -4.75135e-08 -7.11907e-08 -8.30869e-08 
1.81112e-07 2.42265e-07 1.61711e-07 1.3862e-07 1.25098e-07 1.50624e-07 1.72493e-07 1.69321e-07 1.58384e-07 1.88997e-07 1.67544e-07 1.49303e-07 1.43072e-07 1.47848e-07 1.43916e-07 1.53124e-07 1.47867e-07 1.52009e-07 1.40412e-07 1.57546e-07 1.61672e-07 1.61597e-07 1.72673e-07 1.83874e-07 1.89717e-07 1.98157e-07 2.06574e-07 2.16468e-07 2.27518e-07 2.43314e-07 2.88075e-07 2.40042e-07 2.07826e-07 1.76866e-07 1.63361e-07 1.8942e-07 2.83092e-08 1.04532e-07 -1.41149e-08 4.47077e-08 -3.57108e-08 -9.07365e-09 6.71479e-09 -1.88467e-09 -8.07059e-09 1.09281e-08 -9.16178e-08 -4.15783e-08 -3.91026e-08 -6.57055e-08 -7.19105e-08 -8.42275e-08 -7.95926e-08 -9.12417e-08 -8.99567e-08 -8.05649e-08 -6.97811e-08 -8.61334e-08 -8.93582e-08 -8.81355e-08 -7.49486e-08 -5.61292e-08 -7.7281e-08 -6.01861e-08 -4.90737e-08 -3.44384e-08 -2.78696e-08 -3.99727e-08 -6.2069e-08 -7.36221e-08 
2.97086e-07 3.15807e-07 1.82135e-07 1.5662e-07 1.20235e-07 1.41288e-07 1.50718e-07 1.45823e-07 1.40409e-07 1.54422e-07 1.35854e-07 1.2051e-07 1.16718e-07 1.19918e-07 1.1607e-07 1.24606e-07 1.27691e-07 1.27637e-07 1.22435e-07 1.35384e-07 1.46511e-07 1.51366e-07 1.55563e-07 1.65633e-07 1.7048e-07 1.71455e-07 1.80974e-07 1.8488e-07 1.95883e-07 2.11886e-07 2.40042e-07 2.66711e-07 2.24197e-07 1.91928e-07 1.73113e-07 2.32124e-07 8.46019e-08 9.65526e-08 -3.76748e-08 3.87818e-08 -4.40892e-08 -4.79238e-09 1.79083e-09 -8.81295e-10 -1.84058e-08 1.75069e-08 -7.06835e-08 -2.88799e-08 -3.85725e-08 -7.44984e-08 -7.14622e-08 -7.83289e-08 -7.56151e-08 -8.39927e-08 -7.87949e-08 -6.40523e-08 -5.77868e-08 -8.97188e-08 -9.14187e-08 -8.07031e-08 -7.94106e-08 -5.86424e-08 -7.97919e-08 -6.89513e-08 -4.64435e-08 -2.81382e-08 -1.16109e-08 -1.62103e-08 -4.45248e-08 -5.67943e-08 
4.67402e-07 3.5453e-07 2.17225e-07 1.56496e-07 1.08311e-07 1.43925e-07 1.34787e-07 1.36329e-07 1.20136e-07 1.21366e-07 1.08585e-07 9.5728e-08 9.1258e-08 1.03691e-07 1.05809e-07 1.13994e-07 1.11569e-07 1.13126e-07 1.12545e-07 1.26417e-07 1.3383e-07 1.3473e-07 1.39999e-07 1.49127e-07 1.54372e-07 1.55211e-07 1.61608e-07 1.62377e-07 1.71106e-07 1.84091e-07 2.07826e-07 2.24197e-07 2.57685e-07 2.11152e-07 1.90196e-07 9.07034e-08 1.2501e-08 2.92498e-08 -7.33742e-08 -7.35211e-09 -4.95868e-08 -3.67068e-08 4.71949e-11 -1.61807e-08 -6.2678e-09 2.90848e-08 -7.2968e-08 -2.42663e-08 -3.68076e-08 -6.0857e-08 -5.92474e-08 -7.19397e-08 -5.08341e-08 -6.20609e-08 -6.30151e-08 -5.04987e-08 -4.9754e-08 -6.76297e-08 -7.47227e-08 -6.63906e-08 -5.79311e-08 -4.3041e-08 -6.1272e-08 -5.47994e-08 -3.72987e-08 -2.16075e-08 -5.28247e-09 -1.2809e-09 -3.71885e-08 -4.30144e-08 
2.88938e-07 2.57302e-07 1.71734e-07 1.47287e-07 1.03688e-07 1.4754e-07 1.3799e-07 1.33723e-07 1.03605e-07 1.04254e-07 9.4309e-08 8.96413e-08 7.60942e-08 8.20125e-08 8.09264e-08 8.5039e-08 8.47654e-08 9.06495e-08 9.28411e-08 1.06503e-07 1.17735e-07 1.18899e-07 1.24384e-07 1.29829e-07 1.28877e-07 1.27162e-07 1.34387e-07 1.36018e-07 1.44067e-07 1.58349e-07 1.76866e-07 1.91928e-07 2.11152e-07 2.39224e-07 2.02597e-07 -2.46674e-07 -1.23545e-07 1.27749e-08 -6.09558e-08 -3.1202e-08 -8.91121e-08 -4.70704e-08 -1.83814e-08 -3.92148e-08 -2.46385e-08 2.35843e-08 -7.1132e-08 -3.774e-08 -3.24346e-08 -5.61617e-08 -5.35818e-08 -6.22749e-08 -5.05258e-08 -5.99235e-08 -5.52057e-08 -3.45521e-08 -4.04216e-08 -5.53827e-08 -6.4898e-08 -7.07162e-08 -6.92742e-08 -5.76336e-08 -6.60618e-08 -6.54163e-08 -3.91469e-08 -2.47146e-08 -2.07625e-08 -5.64464e-09 -3.16094e-08 -3.51312e-08 
6.56197e-08 1.9217e-07 1.39688e-07 1.23673e-07 1.049e-07 1.17542e-07 1.13675e-07 1.17949e-07 8.2522e-08 8.55864e-08 7.989e-08 7.85248e-08 7.10151e-08 7.57952e-08 7.70723e-08 7.95519e-08 8.0795e-08 8.73547e-08 9.0394e-08 9.4876e-08 1.03385e-07 1.111e-07 1.21589e-07 1.26152e-07 1.25286e-07 1.25975e-07 1.30453e-07 1.32004e-07 1.36008e-07 1.47974e-07 1.63361e-07 1.73113e-07 1.90196e-07 2.02597e-07 2.34228e-07 -3.42812e-07 -1.21681e-07 4.35795e-08 -6.90951e-08 -5.54221e-08 -6.56344e-08 -2.96288e-08 -5.22058e-08 -5.21999e-08 -4.9968e-08 1.53288e-08 -7.07918e-08 -5.26197e-08 -3.68851e-08 -4.54349e-08 -4.2919e-08 -4.76011e-08 -3.22968e-08 -3.41114e-08 -4.10536e-08 -3.50318e-08 -4.05627e-08 -5.07137e-08 -6.03422e-08 -6.67906e-08 -6.68507e-08 -5.30477e-08 -5.96641e-08 -6.06664e-08 -4.37775e-08 -4.17558e-08 -4.13668e-08 -2.87461e-08 -4.27354e-08 -3.07653e-08 
9.83089e-05 2.59887e-06 -1.16418e-06 3.22122e-07 1.60693e-06 2.21824e-06 1.26641e-06 2.0861e-06 9.79445e-07 1.90501e-06 1.57186e-06 1.26958e-06 1.34028e-06 9.51659e-07 1.82573e-06 1.39602e-06 5.25135e-07 8.08464e-07 1.46852e-07 7.53233e-07 2.64797e-07 1.42576e-07 4.98146e-08 -8.47335e-08 6.5156e-08 -1.36156e-08 9.50786e-08 1.6914e-07 3.14723e-07 1.26398e-07 1.8942e-07 2.32124e-07 9.07034e-08 -2.46674e-07 -3.42812e-07 0.000797032 3.92548e-05 2.06666e-05 3.88298e-06 5.96178e-06 2.23099e-06 1.08746e-06 2.1886e-06 -2.31353e-07 2.35758e-06 1.08838e-06 2.3118e-06 1.35781e-06 1.96304e-06 8.71874e-07 9.60588e-07 2.73587e-08 1.04534e-07 -3.85505e-07 -1.52167e-06 -1.26057e-06 -9.46706e-07 1.81431e-07 9.57634e-07 8.52518e-08 7.35471e-07 1.1146e-06 1.2844e-06 4.04577e-07 5.92957e-07 -5.99864e-07 -8.03352e-07 -6.7586e-07 -1.00481e-06 -1.08176e-06 
-3.04013e-06 3.1387e-06 1.90598e-06 2.4979e-06 3.03833e-06 2.3015e-06 2.11693e-06 2.10633e-06 2.08909e-06 1.56809e-06 1.05007e-06 1.24037e-06 9.21856e-07 9.63728e-07 9.69237e-07 7.62589e-07 7.03102e-07 7.98482e-07 5.13111e-07 5.84946e-07 4.9266e-07 5.01613e-07 3.15337e-07 2.6021e-07 2.80556e-07 3.83082e-07 3.36006e-07 3.32854e-07 2.02659e-07 1.64413e-07 2.83092e-08 8.46019e-08 1.2501e-08 -1.23545e-07 -1.21681e-07 3.92548e-05 8.41683e-05 1.74782e-05 8.35151e-06 5.30351e-06 3.68538e-06 2.56169e-06 1.30963e-06 1.35073e-06 5.34763e-07 -9.32548e-07 -1.13133e-06 -1.22071e-06 -1.03709e-06 -1.43132e-06 -8.93821e-07 -1.34965e-06 -1.42168e-06 -1.42225e-06 -1.47087e-06 -1.36022e-06 -4.45846e-07 -7.07901e-07 -6.49465e-07 -8.98142e-07 -7.01579e-07 -6.44893e-07 -2.81708e-07 -7.29878e-07 -7.14677e-07 -6.91478e-07 -6.27001e-07 -7.01089e-07 -7.51236e-07 -7.62862e-07 
-4.04292e-06 -1.03403e-06 -8.35181e-07 5.6619e-08 7.94587e-07 9.79681e-07 9.23848e-07 1.03606e-06 8.11529e-07 7.55577e-07 7.4187e-07 6.6001e-07 6.36482e-07 5.97151e-07 5.66769e-07 3.98112e-07 4.40952e-07 3.09194e-07 1.93836e-07 1.67137e-07 1.0795e-07 6.29575e-08 1.13162e-07 7.04291e-08 1.13232e-07 1.04779e-07 9.5682e-08 1.42943e-07 1.4315e-07 1.92405e-07 1.04532e-07 9.65526e-08 2.92498e-08 1.27749e-08 4.35795e-08 2.06666e-05 1.74782e-05 3.07403e-05 1.04829e-05 7.2601e-06 4.82008e-06 3.9152e-06 1.95439e-06 2.06577e-06 1.58177e-06 9.69778e-07 1.15161e-06 1.12103e-06 8.35597e-07 6.12816e-07 5.92381e-07 1.75158e-07 -4.74936e-08 -2.15179e-07 -4.61173e-07 -3.87729e-07 -2.36791e-07 -3.08551e-07 -2.70285e-07 -4.65826e-07 -4.52142e-07 -4.19521e-07 -1.04249e-07 -1.00295e-07 -9.80565e-08 -1.94268e-07 -5.57343e-08 1.72233e-07 1.42501e-07 -1.08562e-07 
-7.57058e-07 -2.33516e-06 -1.03115e-06 -8.1565e-07 -3.36126e-07 3.12998e-07 4.4794e-07 4.99753e-07 3.49536e-07 4.18646e-07 3.84796e-07 3.25184e-07 2.37186e-07 3.24356e-07 2.77011e-07 1.61663e-07 1.70741e-07 8.63929e-08 1.46937e-07 1.46128e-07 4.56486e-08 4.62892e-08 5.73018e-08 2.76357e-08 8.09371e-08 5.81364e-08 3.11014e-08 8.28641e-09 5.41588e-08 5.00154e-08 -1.41149e-08 -3.76748e-08 -7.33742e-08 -6.09558e-08 -6.90951e-08 3.88298e-06 8.35151e-06 1.04829e-05 1.77401e-05 7.91953e-06 5.42772e-06 4.45552e-06 2.91239e-06 2.68014e-06 2.0437e-06 1.37637e-06 1.18846e-06 1.1853e-06 8.58739e-07 6.64767e-07 5.38434e-07 4.62687e-07 1.98361e-07 1.97401e-08 -2.95623e-07 -9.27967e-08 2.51835e-08 -5.19104e-08 -4.45845e-08 1.25119e-08 5.26205e-09 7.96297e-08 9.66937e-08 8.87005e-09 1.23077e-07 7.08023e-08 3.21431e-08 6.32482e-08 4.63912e-08 -5.89037e-09 
1.267e-06 -1.97592e-06 -1.63619e-06 -1.02566e-06 -8.93758e-07 -2.07425e-07 -5.87279e-08 9.98717e-08 2.01141e-07 2.42335e-07 2.99399e-07 1.914e-07 1.90487e-07 2.77383e-07 2.31093e-07 1.73459e-07 7.57497e-08 4.82968e-08 7.18357e-08 7.60927e-08 7.29281e-08 5.00763e-08 7.79904e-08 4.10816e-08 1.19067e-07 8.98612e-08 8.16133e-08 7.80213e-08 4.15492e-08 1.0268e-08 4.47077e-08 3.87818e-08 -7.35211e-09 -3.1202e-08 -5.54221e-08 5.96178e-06 5.30351e-06 7.2601e-06 7.91953e-06 1.26959e-05 7.04119e-06 5.30547e-06 3.76646e-06 3.23076e-06 2.57414e-06 1.93298e-06 1.56898e-06 1.22045e-06 1.06005e-06 6.29072e-07 4.32202e-07 4.11035e-07 1.82593e-07 2.4429e-08 -1.68725e-08 -1.41432e-07 -5.09543e-08 -2.25747e-07 -1.86053e-07 -1.75071e-07 -1.13164e-07 -4.82404e-08 3.84868e-08 1.93583e-08 -1.33463e-08 2.23552e-08 1.01755e-07 1.57906e-07 1.60767e-07 -5.35292e-08 
1.15952e-06 -2.30604e-06 -1.83192e-06 -1.18745e-06 -7.58013e-07 -4.7311e-07 -3.01382e-07 -1.02605e-07 -1.34792e-07 -4.40157e-08 -8.17353e-08 -1.46552e-07 -5.42264e-08 -8.24505e-08 -5.4512e-08 -1.62682e-07 -1.84772e-07 -1.985e-07 -1.71327e-07 -1.23015e-07 -9.45067e-08 -1.05365e-07 -9.1682e-08 -1.04592e-07 -3.45371e-08 -2.9816e-08 -2.32379e-08 -1.81697e-08 1.41547e-08 -3.24444e-08 -3.57108e-08 -4.40892e-08 -4.95868e-08 -8.91121e-08 -6.56344e-08 2.23099e-06 3.68538e-06 4.82008e-06 5.42772e-06 7.04119e-06 1.01404e-05 6.05046e-06 4.29943e-06 3.40778e-06 2.94358e-06 2.12537e-06 1.53513e-06 1.26497e-06 9.19133e-07 7.19851e-07 6.95666e-07 5.3451e-07 3.31842e-07 3.20859e-07 1.61446e-07 8.73628e-08 2.03538e-07 1.04402e-07 1.82647e-07 1.52251e-07 1.6897e-07 1.98147e-07 2.62191e-07 2.57022e-07 2.32259e-07 2.04821e-07 2.15906e-07 1.90261e-07 2.31096e-07 5.30528e-08 
2.9919e-06 -1.46144e-06 -1.37201e-06 -9.49942e-07 -7.00729e-07 -2.81037e-07 -1.34485e-07 4.35396e-08 9.41849e-09 3.23947e-08 3.82024e-08 3.85808e-08 1.00846e-07 4.98998e-08 5.79543e-08 4.4338e-08 -6.03192e-08 -6.11099e-08 -2.15564e-08 -2.53584e-08 -4.06813e-08 1.09793e-08 -2.3576e-08 -9.0718e-09 3.6272e-08 -6.29308e-09 1.43353e-08 1.12883e-08 5.47784e-09 -2.99691e-08 -9.07365e-09 -4.79238e-09 -3.67068e-08 -4.70704e-08 -2.96288e-08 1.08746e-06 2.56169e-06 3.9152e-06 4.45552e-06 5.30547e-06 6.05046e-06 8.48192e-06 5.301e-06 4.00468e-06 3.16544e-06 2.37121e-06 1.78851e-06 1.25003e-06 9.62889e-07 7.8876e-07 5.7841e-07 4.60481e-07 2.14921e-07 7.94075e-08 3.79644e-08 9.39425e-09 6.65566e-08 4.76314e-08 6.27454e-08 4.11992e-08 1.12488e-07 1.48984e-07 1.97192e-07 2.28503e-07 1.58116e-07 1.408e-07 1.22887e-07 1.75767e-07 1.80265e-07 1.34167e-07 
4.0658e-06 -1.50301e-06 -1.21452e-06 -6.44915e-07 -6.80211e-07 -2.29857e-07 -1.06074e-07 -5.50104e-08 3.99798e-08 2.80824e-08 -4.84291e-08 1.09122e-08 6.73046e-09 4.7513e-09 5.14784e-09 1.19513e-08 -2.97287e-08 -7.69569e-08 -3.52612e-08 -7.76156e-08 -5.62968e-08 -5.38335e-09 -2.57343e-08 1.13329e-08 4.65296e-08 2.7342e-09 1.63653e-08 2.91984e-08 1.26176e-08 -2.0032e-08 6.71479e-09 1.79083e-09 4.71949e-11 -1.83814e-08 -5.22058e-08 2.1886e-06 1.30963e-06 1.95439e-06 2.91239e-06 3.76646e-06 4.29943e-06 5.301e-06 7.3191e-06 4.76462e-06 3.8482e-06 2.91338e-06 2.25414e-06 1.72796e-06 1.29471e-06 1.10808e-06 7.47585e-07 6.18275e-07 4.19167e-07 2.53552e-07 2.98894e-07 1.88225e-07 2.20899e-07 2.24334e-07 2.06413e-07 1.89778e-07 1.86943e-07 2.49752e-07 2.41857e-07 2.12133e-07 2.12236e-07 9.57618e-08 9.89666e-08 1.50126e-07 1.06116e-07 1.09653e-07 
1.93934e-06 -1.2938e-06 -7.07701e-07 -4.39461e-07 -3.71587e-07 -1.3298e-07 -4.76803e-08 4.23969e-08 1.21975e-07 1.34756e-07 1.08453e-07 1.47096e-07 1.1869e-07 1.14907e-07 7.14935e-08 4.67745e-08 -1.25776e-09 -7.28383e-08 -6.10339e-08 -6.21131e-08 -8.68545e-08 -7.35755e-08 -5.71701e-08 -2.43193e-08 3.58019e-08 -1.89191e-09 8.03032e-09 4.86747e-09 -2.84965e-08 -3.55815e-08 -1.88467e-09 -8.81295e-10 -1.61807e-08 -3.92148e-08 -5.21999e-08 -2.31353e-07 1.35073e-06 2.06577e-06 2.68014e-06 3.23076e-06 3.40778e-06 4.00468e-06 4.76462e-06 6.21357e-06 4.26838e-06 3.21772e-06 2.4424e-06 1.79529e-06 1.34804e-06 1.06439e-06 6.64245e-07 5.96378e-07 4.8257e-07 2.27814e-07 2.60544e-07 1.81403e-07 1.54748e-07 9.21249e-08 1.07673e-07 9.78201e-08 1.25567e-07 2.29056e-07 2.45801e-07 2.78418e-07 1.78738e-07 1.18946e-07 1.01321e-07 1.20306e-07 5.88091e-08 8.20359e-08 
2.92599e-06 -1.3257e-06 -8.68808e-07 -6.58225e-07 -5.16168e-07 -2.88696e-07 -1.53246e-07 -7.31154e-08 8.78892e-09 5.63962e-08 3.14579e-08 9.32985e-08 3.45882e-08 -3.18271e-09 -2.06953e-08 -1.29295e-07 -1.33861e-07 -1.6768e-07 -1.35302e-07 -1.38321e-07 -1.23701e-07 -8.68555e-08 -5.74651e-08 -6.74286e-08 6.01643e-09 -4.73817e-08 -3.69739e-08 2.41581e-09 -1.53543e-09 -2.60664e-08 -8.07059e-09 -1.84058e-08 -6.2678e-09 -2.46385e-08 -4.9968e-08 2.35758e-06 5.34763e-07 1.58177e-06 2.0437e-06 2.57414e-06 2.94358e-06 3.16544e-06 3.8482e-06 4.26838e-06 5.6493e-06 3.78135e-06 2.93175e-06 2.18053e-06 1.63601e-06 1.29011e-06 1.00807e-06 7.48438e-07 6.23065e-07 3.72635e-07 3.37921e-07 3.14904e-07 3.18078e-07 2.01431e-07 2.62213e-07 1.74179e-07 1.89412e-07 2.35639e-07 2.58584e-07 2.56576e-07 1.93061e-07 1.50382e-07 1.63018e-07 2.21968e-07 1.51704e-07 1.12239e-07 
3.08243e-06 -1.17908e-06 -6.21648e-07 -3.73375e-07 -1.87204e-07 -1.26221e-07 -1.85003e-07 -1.20956e-07 -3.1283e-08 5.29309e-08 7.05628e-08 1.13123e-07 7.69382e-08 4.40055e-08 -1.95012e-08 -1.16455e-07 -7.98069e-08 -1.02259e-07 -8.18294e-08 -9.28034e-08 -4.36699e-08 -4.62165e-08 -4.30083e-08 -3.47071e-08 3.38036e-09 -1.72149e-08 -4.41554e-09 -4.2451e-09 -1.87709e-08 -8.20808e-09 1.09281e-08 1.75069e-08 2.90848e-08 2.35843e-08 1.53288e-08 1.08838e-06 -9.32548e-07 9.69778e-07 1.37637e-06 1.93298e-06 2.12537e-06 2.37121e-06 2.91338e-06 3.21772e-06 3.78135e-06 4.88412e-06 3.34007e-06 2.55857e-06 1.87705e-06 1.45056e-06 1.08828e-06 7.96072e-07 5.93983e-07 3.79464e-07 3.39482e-07 2.99023e-07 2.45208e-07 1.29363e-07 2.17122e-07 1.77099e-07 1.98226e-07 2.10685e-07 2.67511e-07 2.45449e-07 2.0308e-07 1.31182e-07 1.57771e-07 2.10207e-07 1.5375e-07 9.64196e-08 
